# Version
2

# Width, height, number of samples per side
320 240 2

# Number of spheres
3
# Position (x, y, z), radius, albedo (r, g, b)
-2.0 -0.5 20.0 1.5 0.1 0.9 0.5
0.0 -0.5 20.0 1.5 0.4 0.9 0.5
2.0 -0.5 20.0 1.5 0.7 0.9 0.5

# Number of planes
1
# Normal (x, y, z), distance, albedo (r, g, b)
0.0 1.0 0.0 -1.0 0.5 0.5 0.5

# Number of triangles
51
# A (x, y, z), B (x, y, z), C(x, y, z), albedo (r, g, b)
-1.5 -1.5 5.0 1.5 -1.5 5.0 1.5 1.5 5.0 0.565080965009 0.962082324227 0.671228052522
-2.19011895738 1.11064616347 5.76541764036 -2.03939382937 1.11064616347 5.76541764036 -2.19011895738 2.05919976129 5.76541764036 0.11166030644 0.0293449768789 0.0331829111781
1.29027521367 1.20252715812 6.47847862947 1.64311137755 1.20252715812 6.47847862947 1.29027521367 1.32738544167 6.47847862947 0.332540752755 0.84087929098 0.0396141866273
-1.58508042674 -0.511339226883 5.97782097651 -1.48044193251 -0.511339226883 5.97782097651 -1.58508042674 -0.30424586884 5.97782097651 0.00577646177567 0.223061722202 0.352980848986
-1.04216528551 -0.524638973616 7.30739527698 -0.662335540819 -0.524638973616 7.30739527698 -1.04216528551 0.252330888987 7.30739527698 0.996260766842 0.327108442324 0.954588589738
-0.706473053847 0.440709369922 7.27285413992 -0.523286452229 0.440709369922 7.27285413992 -0.706473053847 1.11503859025 7.27285413992 0.272258709938 0.384847165642 0.338627925271
-2.57706786423 0.156426283532 8.14957135754 -1.95722170877 0.156426283532 8.14957135754 -2.57706786423 0.209918405857 8.14957135754 0.126791686166 0.223521147697 0.910846879539
1.28051490948 0.47848223048 5.40801271732 1.30951109034 0.47848223048 5.40801271732 1.28051490948 0.608551565094 5.40801271732 0.0820737303462 0.699026042669 0.204810703684
1.49184461897 -0.240261579358 6.87411899732 1.8327386867 -0.240261579358 6.87411899732 1.49184461897 -0.0044028298615 6.87411899732 0.0467757696669 0.201324741999 0.634977583412
0.425845359753 -0.796929949442 5.15841625727 1.22838754102 -0.796929949442 5.15841625727 0.425845359753 -0.322279854945 5.15841625727 0.113969797532 0.988759650654 0.916559325331
-1.23554474254 -0.706032468903 5.07119763424 -0.451977683512 -0.706032468903 5.07119763424 -1.23554474254 0.105837859326 5.07119763424 0.304964895693 0.0962021235872 0.0887351831798
0.833034302172 -0.289785525533 4.75785222791 0.914097043646 -0.289785525533 4.75785222791 0.833034302172 -0.220026751145 4.75785222791 0.788920346098 0.160683061916 0.526766004737
1.69521962081 1.56353608979 8.31011724647 2.41217180171 1.56353608979 8.31011724647 1.69521962081 2.09535453116 8.31011724647 0.509745295066 0.530486653605 0.28872458446
-2.28158399956 0.978615834311 6.06555710207 -1.95094256309 0.978615834311 6.06555710207 -2.28158399956 1.17022807165 6.06555710207 0.0739911310878 0.124988507005 0.0887676229658
-0.0579666281422 0.634170141045 8.5610662892 -0.00600633909601 0.634170141045 8.5610662892 -0.0579666281422 1.03482917921 8.5610662892 0.996038487594 0.676691301497 0.806462083526
1.50540431895 -0.184625845845 5.18803050043 1.75626791785 -0.184625845845 5.18803050043 1.50540431895 -0.148997786904 5.18803050043 0.00347922146494 0.211203200708 0.301310344198
-2.75849381665 1.80569620959 5.31821398048 -2.15936214297 1.80569620959 5.31821398048 -2.75849381665 2.56759653003 5.31821398048 0.875204266073 0.512296698186 0.979126982939
-1.39403171362 0.239648667482 5.08722252228 -1.09427294576 0.239648667482 5.08722252228 -1.39403171362 0.588475899696 5.08722252228 0.836422495051 0.833798141098 0.853568465257
2.08707550484 -0.854821529583 6.24124487192 2.83624201142 -0.854821529583 6.24124487192 2.08707550484 -0.785785972536 6.24124487192 0.551301631747 0.141981093843 0.0488656074741
-1.61558894651 1.13740366091 5.87499807529 -0.980904444192 1.13740366091 5.87499807529 -1.61558894651 1.96302855345 5.87499807529 0.193358645317 0.179746547603 0.996854369892
-1.88483707399 0.514412690335 7.51729165826 -1.7154061338 0.514412690335 7.51729165826 -1.88483707399 1.42419685244 7.51729165826 0.572558250399 0.924636656183 0.944148145768
2.16047994197 -0.989067208163 4.83400259694 2.91612741508 -0.989067208163 4.83400259694 2.16047994197 -0.0384284953253 4.83400259694 0.0669657529525 0.708219745933 0.489694917454
-2.28774118038 0.292509688332 8.40547278706 -1.70245904711 0.292509688332 8.40547278706 -2.28774118038 0.427512974953 8.40547278706 0.451999102596 0.774053002491 0.0581655489199
-0.690785579346 -0.388320212752 7.6376763759 0.0902822805716 -0.388320212752 7.6376763759 -0.690785579346 0.0643229639897 7.6376763759 0.0919535133375 0.751407211341 0.457379205246
-1.70837909535 0.436579817969 8.54924012171 -1.18893588524 0.436579817969 8.54924012171 -1.70837909535 0.910714042173 8.54924012171 0.923113744557 0.16549872 0.222750152773
1.77025131513 1.35344903014 5.92298408863 2.52069355389 1.35344903014 5.92298408863 1.77025131513 1.58257951402 5.92298408863 0.163925091231 0.237707674242 0.0524177613876
-1.35041227423 1.77210534176 8.62652977102 -0.993139464694 1.77210534176 8.62652977102 -1.35041227423 2.68496720843 8.62652977102 0.746464119887 0.577910951869 0.275207698427
-1.4741279489 -0.90516813291 8.64642086899 -0.761778060671 -0.90516813291 8.64642086899 -1.4741279489 -0.00501916464955 8.64642086899 0.0981904558992 0.316282491923 0.0624710413996
-0.791187450097 1.17870436702 7.14973337787 -0.0986091518015 1.17870436702 7.14973337787 -0.791187450097 2.13683564588 7.14973337787 0.21114495947 0.963120934758 0.83902566617
-1.55368173819 0.195266763416 6.34750833865 -0.994134195383 0.195266763416 6.34750833865 -1.55368173819 0.660089865147 6.34750833865 0.803934540413 0.193326645196 0.453559046245
-1.14961516721 1.93943795157 4.56590823233 -0.778795482735 1.93943795157 4.56590823233 -1.14961516721 2.50888988951 4.56590823233 0.853554935667 0.607501535324 0.941604046301
-1.36957067863 1.2037726134 7.50036162021 -0.980842994129 1.2037726134 7.50036162021 -1.36957067863 1.24986395491 7.50036162021 0.547806090491 0.483988369777 0.271486577063
1.41043449308 0.0958386415467 5.96413419303 2.31172909238 0.0958386415467 5.96413419303 1.41043449308 0.75834605825 5.96413419303 0.71219725873 0.112104013671 0.339292272371
-1.76285488221 -0.0922561578486 6.38170510334 -1.70792541674 -0.0922561578486 6.38170510334 -1.76285488221 0.536705889424 6.38170510334 0.305435596565 0.26063438659 0.0306778483924
1.00580084534 1.04917285307 4.6422850549 1.28634766398 1.04917285307 4.6422850549 1.00580084534 1.06437174415 4.6422850549 0.119149976296 0.577370068917 0.528175242273
-0.0819512337501 1.10214742527 7.6621626713 0.480273502946 1.10214742527 7.6621626713 -0.0819512337501 1.85719931707 7.6621626713 0.256249359646 0.809187443559 0.188034922415
-1.07188113745 1.04912412492 7.11495722082 -0.151378627506 1.04912412492 7.11495722082 -1.07188113745 1.1118509161 7.11495722082 0.183232785034 0.34424180745 0.1724197227
-1.01188917856 1.47465678503 6.50393294861 -0.394497230808 1.47465678503 6.50393294861 -1.01188917856 2.11462649827 6.50393294861 0.056527558424 0.900318510057 0.834951936066
2.53724216193 1.97579513273 6.79711413867 2.67090542157 1.97579513273 6.79711413867 2.53724216193 2.53112165539 6.79711413867 0.0236846865902 0.960188381761 0.235677397519
2.96224960195 -0.186416428416 5.13304695682 3.34699424571 -0.186416428416 5.13304695682 2.96224960195 0.046786348204 5.13304695682 0.0135280835396 0.125806917582 0.747316820639
1.55841715337 -0.890142188084 4.31021014765 1.78770047864 -0.890142188084 4.31021014765 1.55841715337 -0.679325224719 4.31021014765 0.965115285076 0.910191095524 0.665077680167
1.67254973467 -0.258847594401 7.47737692794 1.76237298754 -0.258847594401 7.47737692794 1.67254973467 0.340992116921 7.47737692794 0.963263871103 0.67006222209 0.220918281322
-2.90655385342 1.53034832167 6.35127369405 -2.41313372773 1.53034832167 6.35127369405 -2.90655385342 1.91024839194 6.35127369405 0.650687102794 0.353110769939 0.26296569142
-1.8597948958 -0.965370074774 7.50800695085 -1.74697921197 -0.965370074774 7.50800695085 -1.8597948958 -0.836874187867 7.50800695085 0.482491033771 0.218263246415 0.593469258595
-1.34843289289 -0.11508643984 6.6976313178 -0.705211361059 -0.11508643984 6.6976313178 -1.34843289289 0.328072269203 6.6976313178 0.297938990379 0.0825353357968 0.622923844939
-0.137243722774 -0.486303218812 6.77551346743 0.12536042426 -0.486303218812 6.77551346743 -0.137243722774 -0.13701978527 6.77551346743 0.450535277537 0.829328497056 0.243028650601
-0.945835458208 -0.399663695794 6.99470580046 -0.588139821819 -0.399663695794 6.99470580046 -0.945835458208 0.542263665561 6.99470580046 0.205157870305 0.416460681559 0.955746369093
1.52829896496 0.107200934422 8.77601661207 1.54902874063 0.107200934422 8.77601661207 1.52829896496 0.910367345672 8.77601661207 0.843921826495 0.787931381982 0.12375817914
-1.02129548301 1.42639519835 8.70170428077 -0.321217419845 1.42639519835 8.70170428077 -1.02129548301 2.29066352892 8.70170428077 0.300411397234 0.423823145475 0.881315973173
-1.44355422179 0.514776555835 8.97551065832 -1.15692071309 0.514776555835 8.97551065832 -1.44355422179 1.2125052709 8.97551065832 0.433112413663 0.512697540619 0.956147513663
-1.56222208092 0.549095613531 7.83070145513 -1.48284784087 0.549095613531 7.83070145513 -1.56222208092 1.3686633245 7.83070145513 0.42324270423 0.794396028654 0.960843316934
