# Version
3

# Width, height, number of samples per side
320 240 2

# Environment (r, g, b)
0.000 0.000 0.000

# Number of materials
5
# Albedo (r, g, b), emission (r, g, b), kind (0 - diffuse, 1 - mirror)
1.000 1.000 1.000 0.000 0.000 0.000 1
0.900 0.600 0.300 0.000 0.000 0.000 0
1.000 1.000 1.000 0.000 0.000 0.000 0
0.600 0.900 0.300 0.000 0.000 0.000 0
0.000 0.000 0.000 10.000 10.000 10.000 0

# Number of spheres
0
# Position (x, y, z), radius, material index

# Number of planes
1
# Normal (x, y, z), distance, material index
0.0 1.0 0.0 -2.0 2

# Number of triangles
977
# A (x, y, z), B (x, y, z), C(x, y, z), material index)
-2.0 -2.0 4.0 -2.0 -2.0 8.0 -2.0 2.0 8.0 1
-2.0 -2.0 4.0 -2.0 2.0 8.0 -2.0 2.0 4.0 1
2.0 -2.0 4.0 2.0 -2.0 8.0 2.0 2.0 8.0 3
2.0 -2.0 4.0 2.0 2.0 8.0 2.0 2.0 4.0 3
-2.0 2.0 4.0 2.0 2.0 4.0 2.0 2.0 8.0 2
-2.0 2.0 4.0 2.0 2.0 8.0 -2.0 2.0 8.0 2
-2.0 -2.0 8.0 2.0 -2.0 8.0 2.0 2.0 8.0 2
-2.0 -2.0 8.0 2.0 2.0 8.0 -2.0 2.0 8.0 2
-0.5 1.95 5.5 0.5 1.95 5.5 0.5 1.95 6.5 4
-0.5 1.95 5.5 0.5 1.95 6.5 -0.5 1.95 6.5 4
0.469 0.242 5.242 0.500 0.094 5.312 0.562 0.242 5.328 2
-0.500 0.094 5.312 -0.469 0.242 5.242 -0.562 0.242 5.328 2
0.562 0.242 5.328 0.547 0.055 5.422 0.625 0.242 5.438 2
-0.547 0.055 5.422 -0.562 0.242 5.328 -0.625 0.242 5.438 2
0.500 0.094 5.312 0.352 -0.023 5.383 0.547 0.055 5.422 2
-0.352 -0.023 5.383 -0.500 0.094 5.312 -0.547 0.055 5.422 2
0.438 0.164 5.234 0.352 0.031 5.281 0.500 0.094 5.312 2
-0.352 0.031 5.281 -0.438 0.164 5.234 -0.500 0.094 5.312 2
0.352 0.133 5.219 0.203 0.094 5.258 0.352 0.031 5.281 2
-0.203 0.094 5.258 -0.352 0.133 5.219 -0.352 0.031 5.281 2
0.352 0.031 5.281 0.156 0.055 5.352 0.352 -0.023 5.383 2
-0.156 0.055 5.352 -0.352 0.031 5.281 -0.352 -0.023 5.383 2
0.141 0.242 5.258 0.156 0.055 5.352 0.203 0.094 5.258 2
-0.141 0.242 5.258 -0.156 0.055 5.352 -0.078 0.242 5.344 2
0.273 0.164 5.203 0.141 0.242 5.258 0.203 0.094 5.258 2
-0.141 0.242 5.258 -0.273 0.164 5.203 -0.203 0.094 5.258 2
0.242 0.242 5.203 0.203 0.391 5.258 0.141 0.242 5.258 2
-0.203 0.391 5.258 -0.242 0.242 5.203 -0.141 0.242 5.258 2
0.203 0.391 5.258 0.078 0.242 5.344 0.141 0.242 5.258 2
-0.203 0.391 5.258 -0.078 0.242 5.344 -0.156 0.438 5.352 2
0.352 0.453 5.281 0.156 0.438 5.352 0.203 0.391 5.258 2
-0.352 0.453 5.281 -0.156 0.438 5.352 -0.352 0.516 5.383 2
0.352 0.359 5.219 0.203 0.391 5.258 0.273 0.328 5.203 2
-0.352 0.359 5.219 -0.203 0.391 5.258 -0.352 0.453 5.281 2
0.438 0.328 5.234 0.352 0.453 5.281 0.352 0.359 5.219 2
-0.438 0.328 5.234 -0.352 0.453 5.281 -0.500 0.391 5.312 2
0.500 0.391 5.312 0.352 0.516 5.383 0.352 0.453 5.281 2
-0.500 0.391 5.312 -0.352 0.516 5.383 -0.547 0.438 5.422 2
0.562 0.242 5.328 0.547 0.438 5.422 0.500 0.391 5.312 2
-0.562 0.242 5.328 -0.547 0.438 5.422 -0.625 0.242 5.438 2
0.469 0.242 5.242 0.500 0.391 5.312 0.438 0.328 5.234 2
-0.469 0.242 5.242 -0.500 0.391 5.312 -0.562 0.242 5.328 2
0.438 0.328 5.234 0.477 0.242 5.227 0.469 0.242 5.242 2
-0.438 0.328 5.234 -0.477 0.242 5.227 -0.445 0.336 5.219 2
0.352 0.359 5.219 0.445 0.336 5.219 0.438 0.328 5.234 2
-0.352 0.359 5.219 -0.445 0.336 5.219 -0.352 0.375 5.195 2
0.273 0.328 5.203 0.352 0.375 5.195 0.352 0.359 5.219 2
-0.273 0.328 5.203 -0.352 0.375 5.195 -0.266 0.336 5.180 2
0.242 0.242 5.203 0.266 0.336 5.180 0.273 0.328 5.203 2
-0.242 0.242 5.203 -0.266 0.336 5.180 -0.227 0.242 5.180 2
0.242 0.242 5.203 0.266 0.156 5.180 0.227 0.242 5.180 2
-0.266 0.156 5.180 -0.242 0.242 5.203 -0.227 0.242 5.180 2
0.273 0.164 5.203 0.352 0.117 5.195 0.266 0.156 5.180 2
-0.352 0.117 5.195 -0.273 0.164 5.203 -0.266 0.156 5.180 2
0.352 0.133 5.219 0.445 0.156 5.219 0.352 0.117 5.195 2
-0.445 0.156 5.219 -0.352 0.133 5.219 -0.352 0.117 5.195 2
0.438 0.164 5.234 0.477 0.242 5.227 0.445 0.156 5.219 2
-0.477 0.242 5.227 -0.438 0.164 5.234 -0.445 0.156 5.219 2
0.352 0.242 5.172 0.445 0.156 5.219 0.477 0.242 5.227 2
-0.477 0.242 5.227 -0.445 0.156 5.219 -0.352 0.242 5.172 2
0.352 0.117 5.195 0.445 0.156 5.219 0.352 0.242 5.172 2
-0.352 0.242 5.172 -0.445 0.156 5.219 -0.352 0.117 5.195 2
0.352 0.242 5.172 0.266 0.156 5.180 0.352 0.117 5.195 2
-0.352 0.117 5.195 -0.266 0.156 5.180 -0.352 0.242 5.172 2
0.352 0.242 5.172 0.227 0.242 5.180 0.266 0.156 5.180 2
-0.266 0.156 5.180 -0.227 0.242 5.180 -0.352 0.242 5.172 2
0.352 0.242 5.172 0.266 0.336 5.180 0.227 0.242 5.180 2
-0.227 0.242 5.180 -0.266 0.336 5.180 -0.352 0.242 5.172 2
0.352 0.242 5.172 0.352 0.375 5.195 0.266 0.336 5.180 2
-0.266 0.336 5.180 -0.352 0.375 5.195 -0.352 0.242 5.172 2
0.352 0.242 5.172 0.445 0.336 5.219 0.352 0.375 5.195 2
-0.352 0.375 5.195 -0.445 0.336 5.219 -0.352 0.242 5.172 2
0.352 0.242 5.172 0.477 0.242 5.227 0.445 0.336 5.219 2
-0.445 0.336 5.219 -0.477 0.242 5.227 -0.352 0.242 5.172 2
0.164 -0.930 5.367 0.000 -0.984 5.422 0.180 -0.969 5.445 2
-0.164 -0.930 5.367 0.000 -0.984 5.422 0.000 -0.945 5.359 2
0.234 -0.914 5.367 0.180 -0.969 5.445 0.328 -0.945 5.477 2
-0.234 -0.914 5.367 -0.180 -0.969 5.445 -0.164 -0.930 5.367 2
0.367 -0.891 5.469 0.234 -0.914 5.367 0.328 -0.945 5.477 2
-0.234 -0.914 5.367 -0.367 -0.891 5.469 -0.328 -0.945 5.477 2
0.352 -0.695 5.430 0.266 -0.820 5.336 0.367 -0.891 5.469 2
-0.266 -0.820 5.336 -0.352 -0.695 5.430 -0.367 -0.891 5.469 2
0.312 -0.438 5.430 0.250 -0.703 5.312 0.352 -0.695 5.430 2
-0.250 -0.703 5.312 -0.312 -0.438 5.430 -0.352 -0.695 5.430 2
0.203 -0.188 5.438 0.398 -0.047 5.328 0.125 -0.102 5.188 2
-0.398 -0.047 5.328 -0.203 -0.188 5.438 -0.125 -0.102 5.188 2
0.633 -0.039 5.461 0.398 -0.047 5.328 0.438 -0.141 5.469 2
-0.633 -0.039 5.461 -0.398 -0.047 5.328 -0.617 0.055 5.375 2
0.633 -0.039 5.461 0.727 0.203 5.398 0.617 0.055 5.375 2
-0.727 0.203 5.398 -0.633 -0.039 5.461 -0.617 0.055 5.375 2
0.859 0.430 5.406 0.727 0.203 5.398 0.828 0.148 5.555 2
-0.859 0.430 5.406 -0.727 0.203 5.398 -0.742 0.375 5.344 2
0.711 0.484 5.375 0.742 0.375 5.344 0.859 0.430 5.406 2
-0.711 0.484 5.375 -0.742 0.375 5.344 -0.688 0.414 5.273 2
0.492 0.602 5.312 0.688 0.414 5.273 0.711 0.484 5.375 2
-0.492 0.602 5.312 -0.688 0.414 5.273 -0.438 0.547 5.203 2
0.492 0.602 5.312 0.312 0.641 5.164 0.438 0.547 5.203 2
-0.312 0.641 5.164 -0.492 0.602 5.312 -0.438 0.547 5.203 2
0.156 0.719 5.242 0.312 0.641 5.164 0.320 0.758 5.266 2
-0.156 0.719 5.242 -0.312 0.641 5.164 -0.203 0.617 5.148 2
0.062 0.492 5.250 0.203 0.617 5.148 0.156 0.719 5.242 2
-0.062 0.492 5.250 -0.203 0.617 5.148 -0.102 0.430 5.156 2
0.000 0.430 5.258 0.102 0.430 5.156 0.062 0.492 5.250 2
0.000 0.430 5.258 -0.102 0.430 5.156 0.000 0.352 5.180 2
0.250 0.469 5.242 0.102 0.430 5.156 0.164 0.414 5.227 2
-0.250 0.469 5.242 -0.102 0.430 5.156 -0.203 0.617 5.148 2
0.250 0.469 5.242 0.312 0.641 5.164 0.203 0.617 5.148 2
-0.312 0.641 5.164 -0.250 0.469 5.242 -0.203 0.617 5.148 2
0.438 0.547 5.203 0.328 0.477 5.258 0.430 0.438 5.281 2
-0.438 0.547 5.203 -0.328 0.477 5.258 -0.312 0.641 5.164 2
0.688 0.414 5.273 0.430 0.438 5.281 0.602 0.375 5.336 2
-0.688 0.414 5.273 -0.430 0.438 5.281 -0.438 0.547 5.203 2
0.742 0.375 5.344 0.602 0.375 5.336 0.641 0.297 5.352 2
-0.742 0.375 5.344 -0.602 0.375 5.336 -0.688 0.414 5.273 2
0.727 0.203 5.398 0.641 0.297 5.352 0.625 0.188 5.352 2
-0.727 0.203 5.398 -0.641 0.297 5.352 -0.742 0.375 5.344 2
0.617 0.055 5.375 0.625 0.188 5.352 0.492 0.062 5.328 2
-0.617 0.055 5.375 -0.625 0.188 5.352 -0.727 0.203 5.398 2
0.398 -0.047 5.328 0.492 0.062 5.328 0.375 0.016 5.297 2
-0.398 -0.047 5.328 -0.492 0.062 5.328 -0.617 0.055 5.375 2
0.125 -0.102 5.188 0.375 0.016 5.297 0.203 0.094 5.258 2
-0.125 -0.102 5.188 -0.375 0.016 5.297 -0.398 -0.047 5.328 2
0.203 0.094 5.258 0.000 0.047 5.273 0.125 -0.102 5.188 2
0.000 0.047 5.273 -0.203 0.094 5.258 -0.125 -0.102 5.188 2
0.102 0.430 5.156 0.125 0.305 5.234 0.164 0.414 5.227 2
-0.102 0.430 5.156 -0.125 0.305 5.234 0.000 0.352 5.180 2
0.125 0.305 5.234 0.000 0.211 5.234 0.133 0.211 5.242 2
0.000 0.211 5.234 -0.125 0.305 5.234 -0.133 0.211 5.242 2
0.164 0.141 5.250 0.000 0.211 5.234 0.000 0.047 5.273 2
-0.164 0.141 5.250 0.000 0.211 5.234 -0.133 0.211 5.242 2
0.062 -0.883 5.305 0.000 -0.945 5.359 0.164 -0.930 5.367 2
0.000 -0.945 5.359 -0.062 -0.883 5.305 -0.164 -0.930 5.367 2
0.117 -0.836 5.289 0.164 -0.930 5.367 0.234 -0.914 5.367 2
-0.164 -0.930 5.367 -0.117 -0.836 5.289 -0.234 -0.914 5.367 2
0.117 -0.836 5.289 0.266 -0.820 5.336 0.109 -0.719 5.266 2
-0.117 -0.836 5.289 -0.266 -0.820 5.336 -0.234 -0.914 5.367 2
0.211 -0.445 5.289 0.117 -0.688 5.266 0.250 -0.703 5.312 2
-0.117 -0.688 5.266 -0.211 -0.445 5.289 -0.250 -0.703 5.312 2
0.109 -0.719 5.266 0.250 -0.703 5.312 0.117 -0.688 5.266 2
-0.250 -0.703 5.312 -0.109 -0.719 5.266 -0.117 -0.688 5.266 2
0.000 -0.328 5.258 0.078 -0.445 5.250 0.086 -0.289 5.258 2
0.000 -0.328 5.258 -0.078 -0.445 5.250 0.000 -0.445 5.250 2
0.078 -0.445 5.250 0.000 -0.680 5.266 0.117 -0.688 5.266 2
-0.078 -0.445 5.250 0.000 -0.680 5.266 0.000 -0.445 5.250 2
0.109 -0.719 5.266 0.000 -0.680 5.266 0.000 -0.766 5.266 2
-0.109 -0.719 5.266 0.000 -0.680 5.266 -0.117 -0.688 5.266 2
0.125 -0.227 5.250 0.094 -0.273 5.219 0.086 -0.289 5.258 2
-0.094 -0.273 5.219 -0.125 -0.227 5.250 -0.086 -0.289 5.258 2
0.102 -0.148 5.258 0.133 -0.227 5.203 0.125 -0.227 5.250 2
-0.133 -0.227 5.203 -0.102 -0.148 5.258 -0.125 -0.227 5.250 2
0.039 -0.125 5.219 0.102 -0.148 5.258 0.000 -0.141 5.258 2
-0.039 -0.125 5.219 -0.102 -0.148 5.258 -0.109 -0.133 5.219 2
0.000 -0.188 5.203 0.000 -0.141 5.258 0.000 -0.195 5.250 2
0.000 -0.188 5.203 0.000 -0.141 5.258 -0.039 -0.125 5.219 2
0.086 -0.289 5.258 0.000 -0.320 5.219 0.000 -0.328 5.258 2
-0.086 -0.289 5.258 0.000 -0.320 5.219 -0.094 -0.273 5.219 2
0.094 -0.273 5.219 0.000 -0.289 5.195 0.000 -0.320 5.219 2
-0.094 -0.273 5.219 0.000 -0.289 5.195 -0.078 -0.250 5.195 2
0.000 -0.188 5.203 0.047 -0.148 5.188 0.039 -0.125 5.219 2
-0.047 -0.148 5.188 0.000 -0.188 5.203 -0.039 -0.125 5.219 2
0.039 -0.125 5.219 0.094 -0.156 5.188 0.109 -0.133 5.219 2
-0.094 -0.156 5.188 -0.039 -0.125 5.219 -0.109 -0.133 5.219 2
0.094 -0.156 5.188 0.133 -0.227 5.203 0.109 -0.133 5.219 2
-0.094 -0.156 5.188 -0.133 -0.227 5.203 -0.109 -0.227 5.172 2
0.133 -0.227 5.203 0.078 -0.250 5.195 0.094 -0.273 5.219 2
-0.078 -0.250 5.195 -0.133 -0.227 5.203 -0.094 -0.273 5.219 2
0.109 -0.227 5.172 0.047 -0.148 5.188 0.000 -0.203 5.172 2
-0.109 -0.227 5.172 -0.047 -0.148 5.188 -0.094 -0.156 5.188 2
0.000 -0.203 5.172 0.078 -0.250 5.195 0.109 -0.227 5.172 2
-0.078 -0.250 5.195 0.000 -0.203 5.172 -0.109 -0.227 5.172 2
0.000 -0.141 5.258 0.125 -0.102 5.188 0.000 0.047 5.273 2
-0.125 -0.102 5.188 0.000 -0.141 5.258 0.000 0.047 5.273 2
0.102 -0.148 5.258 0.164 -0.242 5.289 0.125 -0.102 5.188 2
-0.164 -0.242 5.289 -0.102 -0.148 5.258 -0.125 -0.102 5.188 2
0.086 -0.289 5.258 0.164 -0.242 5.289 0.125 -0.227 5.250 2
-0.086 -0.289 5.258 -0.164 -0.242 5.289 -0.180 -0.312 5.289 2
0.078 -0.445 5.250 0.180 -0.312 5.289 0.086 -0.289 5.258 2
-0.078 -0.445 5.250 -0.180 -0.312 5.289 -0.211 -0.445 5.289 2
0.258 -0.312 5.445 0.211 -0.445 5.289 0.312 -0.438 5.430 2
-0.258 -0.312 5.445 -0.211 -0.445 5.289 -0.180 -0.312 5.289 2
0.234 -0.250 5.445 0.180 -0.312 5.289 0.258 -0.312 5.445 2
-0.234 -0.250 5.445 -0.180 -0.312 5.289 -0.164 -0.242 5.289 2
0.203 -0.188 5.438 0.164 -0.242 5.289 0.234 -0.250 5.445 2
-0.164 -0.242 5.289 -0.203 -0.188 5.438 -0.234 -0.250 5.445 2
0.000 -0.766 5.266 0.094 -0.742 5.273 0.109 -0.719 5.266 2
0.000 -0.766 5.266 -0.094 -0.742 5.273 0.000 -0.773 5.281 2
0.117 -0.836 5.289 0.094 -0.742 5.273 0.094 -0.820 5.289 2
-0.094 -0.742 5.273 -0.117 -0.836 5.289 -0.094 -0.820 5.289 2
0.062 -0.883 5.305 0.094 -0.820 5.289 0.047 -0.867 5.312 2
-0.094 -0.820 5.289 -0.062 -0.883 5.305 -0.047 -0.867 5.312 2
0.000 -0.891 5.312 0.047 -0.867 5.312 0.000 -0.875 5.312 2
-0.047 -0.867 5.312 0.000 -0.891 5.312 0.000 -0.875 5.312 2
0.047 -0.867 5.312 0.000 -0.859 5.367 0.000 -0.875 5.312 2
-0.047 -0.867 5.312 0.000 -0.859 5.367 -0.047 -0.852 5.367 2
0.047 -0.867 5.312 0.094 -0.812 5.359 0.047 -0.852 5.367 2
-0.094 -0.812 5.359 -0.047 -0.867 5.312 -0.047 -0.852 5.367 2
0.094 -0.820 5.289 0.094 -0.750 5.336 0.094 -0.812 5.359 2
-0.094 -0.750 5.336 -0.094 -0.820 5.289 -0.094 -0.812 5.359 2
0.000 -0.773 5.281 0.094 -0.750 5.336 0.094 -0.742 5.273 2
0.000 -0.773 5.281 -0.094 -0.750 5.336 0.000 -0.781 5.344 2
0.000 -0.781 5.344 0.047 -0.852 5.367 0.094 -0.750 5.336 2
-0.047 -0.852 5.367 0.000 -0.781 5.344 -0.094 -0.750 5.336 2
0.094 -0.750 5.336 0.047 -0.852 5.367 0.094 -0.812 5.359 2
-0.094 -0.812 5.359 -0.047 -0.852 5.367 -0.094 -0.750 5.336 2
0.133 0.211 5.242 0.188 0.156 5.227 0.172 0.219 5.219 2
-0.188 0.156 5.227 -0.133 0.211 5.242 -0.172 0.219 5.219 2
0.125 0.305 5.234 0.172 0.219 5.219 0.180 0.297 5.219 2
-0.172 0.219 5.219 -0.125 0.305 5.234 -0.180 0.297 5.219 2
0.125 0.305 5.234 0.211 0.375 5.219 0.164 0.414 5.227 2
-0.125 0.305 5.234 -0.211 0.375 5.219 -0.180 0.297 5.219 2
0.203 0.094 5.258 0.188 0.156 5.227 0.164 0.141 5.250 2
-0.203 0.094 5.258 -0.188 0.156 5.227 -0.227 0.109 5.219 2
0.203 0.094 5.258 0.375 0.062 5.258 0.227 0.109 5.219 2
-0.375 0.062 5.258 -0.203 0.094 5.258 -0.227 0.109 5.219 2
0.375 0.016 5.297 0.477 0.102 5.281 0.375 0.062 5.258 2
-0.477 0.102 5.281 -0.375 0.016 5.297 -0.375 0.062 5.258 2
0.492 0.062 5.328 0.578 0.195 5.320 0.477 0.102 5.281 2
-0.578 0.195 5.320 -0.492 0.062 5.328 -0.477 0.102 5.281 2
0.625 0.188 5.352 0.586 0.289 5.312 0.578 0.195 5.320 2
-0.586 0.289 5.312 -0.625 0.188 5.352 -0.578 0.195 5.320 2
0.602 0.375 5.336 0.586 0.289 5.312 0.641 0.297 5.352 2
-0.602 0.375 5.336 -0.586 0.289 5.312 -0.562 0.352 5.305 2
0.430 0.438 5.281 0.562 0.352 5.305 0.602 0.375 5.336 2
-0.430 0.438 5.281 -0.562 0.352 5.305 -0.422 0.398 5.227 2
0.430 0.438 5.281 0.336 0.430 5.242 0.422 0.398 5.227 2
-0.336 0.430 5.242 -0.430 0.438 5.281 -0.422 0.398 5.227 2
0.328 0.477 5.258 0.273 0.422 5.227 0.336 0.430 5.242 2
-0.273 0.422 5.227 -0.328 0.477 5.258 -0.336 0.430 5.242 2
0.250 0.469 5.242 0.211 0.375 5.219 0.273 0.422 5.227 2
-0.211 0.375 5.219 -0.250 0.469 5.242 -0.273 0.422 5.227 2
0.211 0.375 5.219 0.281 0.398 5.234 0.273 0.422 5.227 2
-0.211 0.375 5.219 -0.281 0.398 5.234 -0.234 0.359 5.242 2
0.336 0.430 5.242 0.281 0.398 5.234 0.336 0.406 5.250 2
-0.281 0.398 5.234 -0.336 0.430 5.242 -0.336 0.406 5.250 2
0.336 0.430 5.242 0.414 0.391 5.250 0.422 0.398 5.227 2
-0.336 0.430 5.242 -0.414 0.391 5.250 -0.336 0.406 5.250 2
0.422 0.398 5.227 0.531 0.336 5.320 0.562 0.352 5.305 2
-0.422 0.398 5.227 -0.531 0.336 5.320 -0.414 0.391 5.250 2
0.586 0.289 5.312 0.531 0.336 5.320 0.555 0.281 5.328 2
-0.531 0.336 5.320 -0.586 0.289 5.312 -0.555 0.281 5.328 2
0.586 0.289 5.312 0.547 0.211 5.328 0.578 0.195 5.320 2
-0.586 0.289 5.312 -0.547 0.211 5.328 -0.555 0.281 5.328 2
0.477 0.102 5.281 0.547 0.211 5.328 0.461 0.117 5.297 2
-0.547 0.211 5.328 -0.477 0.102 5.281 -0.461 0.117 5.297 2
0.477 0.102 5.281 0.375 0.086 5.273 0.375 0.062 5.258 2
-0.477 0.102 5.281 -0.375 0.086 5.273 -0.461 0.117 5.297 2
0.375 0.062 5.258 0.242 0.125 5.242 0.227 0.109 5.219 2
-0.375 0.062 5.258 -0.242 0.125 5.242 -0.375 0.086 5.273 2
0.188 0.156 5.227 0.242 0.125 5.242 0.203 0.172 5.250 2
-0.242 0.125 5.242 -0.188 0.156 5.227 -0.203 0.172 5.250 2
0.211 0.375 5.219 0.195 0.297 5.242 0.234 0.359 5.242 2
-0.195 0.297 5.242 -0.211 0.375 5.219 -0.234 0.359 5.242 2
0.180 0.297 5.219 0.195 0.227 5.250 0.195 0.297 5.242 2
-0.195 0.227 5.250 -0.180 0.297 5.219 -0.195 0.297 5.242 2
0.172 0.219 5.219 0.203 0.172 5.250 0.195 0.227 5.250 2
-0.203 0.172 5.250 -0.172 0.219 5.219 -0.195 0.227 5.250 2
0.000 0.430 5.258 0.109 0.461 5.391 0.000 0.406 5.398 2
-0.109 0.461 5.391 0.000 0.430 5.258 0.000 0.406 5.398 2
0.062 0.492 5.250 0.195 0.664 5.383 0.109 0.461 5.391 2
-0.195 0.664 5.383 -0.062 0.492 5.250 -0.109 0.461 5.391 2
0.320 0.758 5.266 0.195 0.664 5.383 0.156 0.719 5.242 2
-0.320 0.758 5.266 -0.195 0.664 5.383 -0.336 0.688 5.406 2
0.492 0.602 5.312 0.336 0.688 5.406 0.320 0.758 5.266 2
-0.492 0.602 5.312 -0.336 0.688 5.406 -0.484 0.555 5.445 2
0.711 0.484 5.375 0.484 0.555 5.445 0.492 0.602 5.312 2
-0.711 0.484 5.375 -0.484 0.555 5.445 -0.680 0.453 5.508 2
0.711 0.484 5.375 0.797 0.406 5.539 0.680 0.453 5.508 2
-0.797 0.406 5.539 -0.711 0.484 5.375 -0.680 0.453 5.508 2
0.828 0.148 5.555 0.797 0.406 5.539 0.859 0.430 5.406 2
-0.828 0.148 5.555 -0.797 0.406 5.539 -0.773 0.164 5.625 2
0.828 0.148 5.555 0.602 0.000 5.586 0.773 0.164 5.625 2
-0.602 0.000 5.586 -0.828 0.148 5.555 -0.773 0.164 5.625 2
0.633 -0.039 5.461 0.438 -0.094 5.531 0.602 0.000 5.586 2
-0.438 -0.094 5.531 -0.633 -0.039 5.461 -0.602 0.000 5.586 2
0.000 -0.484 5.719 0.125 -0.539 5.641 0.000 -0.570 5.680 2
0.000 -0.484 5.719 -0.125 -0.539 5.641 -0.180 -0.414 5.742 2
0.000 -0.570 5.680 0.141 -0.758 5.633 0.000 -0.805 5.656 2
0.000 -0.570 5.680 -0.141 -0.758 5.633 -0.125 -0.539 5.641 2
0.000 -0.805 5.656 0.164 -0.945 5.562 0.000 -0.977 5.539 2
0.000 -0.805 5.656 -0.164 -0.945 5.562 -0.141 -0.758 5.633 2
0.180 -0.969 5.445 0.000 -0.977 5.539 0.164 -0.945 5.562 2
0.000 -0.977 5.539 -0.180 -0.969 5.445 -0.164 -0.945 5.562 2
0.328 -0.945 5.477 0.164 -0.945 5.562 0.328 -0.914 5.602 2
-0.164 -0.945 5.562 -0.328 -0.945 5.477 -0.328 -0.914 5.602 2
0.367 -0.891 5.469 0.328 -0.914 5.602 0.289 -0.711 5.617 2
-0.328 -0.914 5.602 -0.367 -0.891 5.469 -0.289 -0.711 5.617 2
0.352 -0.695 5.430 0.289 -0.711 5.617 0.250 -0.500 5.609 2
-0.289 -0.711 5.617 -0.352 -0.695 5.430 -0.250 -0.500 5.609 2
0.289 -0.711 5.617 0.125 -0.539 5.641 0.250 -0.500 5.609 2
-0.125 -0.539 5.641 -0.289 -0.711 5.617 -0.250 -0.500 5.609 2
0.328 -0.914 5.602 0.141 -0.758 5.633 0.289 -0.711 5.617 2
-0.328 -0.914 5.602 -0.141 -0.758 5.633 -0.164 -0.945 5.562 2
0.250 -0.500 5.609 0.180 -0.414 5.742 0.234 -0.352 5.594 2
-0.250 -0.500 5.609 -0.180 -0.414 5.742 -0.125 -0.539 5.641 2
0.312 -0.438 5.430 0.250 -0.500 5.609 0.234 -0.352 5.594 2
-0.250 -0.500 5.609 -0.312 -0.438 5.430 -0.234 -0.352 5.594 2
0.219 -0.281 5.570 0.234 -0.250 5.445 0.258 -0.312 5.445 2
-0.219 -0.281 5.570 -0.234 -0.250 5.445 -0.211 -0.227 5.531 2
0.234 -0.352 5.594 0.258 -0.312 5.445 0.312 -0.438 5.430 2
-0.234 -0.352 5.594 -0.258 -0.312 5.445 -0.219 -0.281 5.570 2
0.234 -0.250 5.445 0.203 -0.172 5.500 0.203 -0.188 5.438 2
-0.234 -0.250 5.445 -0.203 -0.172 5.500 -0.211 -0.227 5.531 2
0.203 -0.172 5.500 0.438 -0.141 5.469 0.203 -0.188 5.438 2
-0.203 -0.172 5.500 -0.438 -0.141 5.469 -0.438 -0.094 5.531 2
0.336 0.055 6.664 0.000 -0.195 6.672 0.000 0.070 6.828 2
-0.336 0.055 6.664 0.000 -0.195 6.672 -0.344 -0.148 6.539 2
0.344 -0.148 6.539 0.000 -0.383 6.352 0.000 -0.195 6.672 2
-0.344 -0.148 6.539 0.000 -0.383 6.352 -0.297 -0.312 6.266 2
0.000 -0.383 6.352 0.211 -0.391 5.836 0.000 -0.461 5.812 2
-0.211 -0.391 5.836 0.000 -0.383 6.352 0.000 -0.461 5.812 2
0.000 -0.461 5.812 0.180 -0.414 5.742 0.000 -0.484 5.719 2
-0.180 -0.414 5.742 0.000 -0.461 5.812 0.000 -0.484 5.719 2
0.180 -0.414 5.742 0.219 -0.281 5.570 0.234 -0.352 5.594 2
-0.180 -0.414 5.742 -0.219 -0.281 5.570 -0.211 -0.391 5.836 2
0.773 0.164 5.625 0.734 -0.047 5.930 0.852 0.234 5.945 2
-0.734 -0.047 5.930 -0.773 0.164 5.625 -0.852 0.234 5.945 2
0.461 0.438 6.703 0.000 0.070 6.828 0.000 0.562 6.852 2
-0.461 0.438 6.703 0.000 0.070 6.828 -0.336 0.055 6.664 2
0.453 0.852 5.766 0.000 0.984 6.078 0.000 0.898 5.711 2
-0.453 0.852 5.766 0.000 0.984 6.078 -0.453 0.930 6.070 2
0.000 0.984 6.078 0.453 0.867 6.383 0.000 0.898 6.547 2
-0.453 0.867 6.383 0.000 0.984 6.078 0.000 0.898 6.547 2
0.000 0.898 6.547 0.461 0.438 6.703 0.000 0.562 6.852 2
-0.461 0.438 6.703 0.000 0.898 6.547 0.000 0.562 6.852 2
0.680 0.453 5.508 0.727 0.406 5.664 0.633 0.453 5.719 2
-0.727 0.406 5.664 -0.680 0.453 5.508 -0.633 0.453 5.719 2
0.633 0.453 5.719 0.797 0.562 5.875 0.641 0.703 5.945 2
-0.797 0.562 5.875 -0.633 0.453 5.719 -0.641 0.703 5.945 2
0.641 0.703 5.945 0.797 0.617 6.117 0.641 0.750 6.195 2
-0.797 0.617 6.117 -0.641 0.703 5.945 -0.641 0.750 6.195 2
0.641 0.750 6.195 0.797 0.539 6.359 0.641 0.680 6.445 2
-0.797 0.539 6.359 -0.641 0.750 6.195 -0.641 0.680 6.445 2
0.617 0.328 6.586 0.797 0.539 6.359 0.773 0.266 6.438 2
-0.617 0.328 6.586 -0.797 0.539 6.359 -0.641 0.680 6.445 2
0.461 0.438 6.703 0.641 0.680 6.445 0.617 0.328 6.586 2
-0.641 0.680 6.445 -0.461 0.438 6.703 -0.617 0.328 6.586 2
0.453 0.867 6.383 0.641 0.750 6.195 0.641 0.680 6.445 2
-0.641 0.750 6.195 -0.453 0.867 6.383 -0.641 0.680 6.445 2
0.453 0.930 6.070 0.641 0.703 5.945 0.641 0.750 6.195 2
-0.641 0.703 5.945 -0.453 0.930 6.070 -0.641 0.750 6.195 2
0.453 0.852 5.766 0.633 0.453 5.719 0.641 0.703 5.945 2
-0.633 0.453 5.719 -0.453 0.852 5.766 -0.641 0.703 5.945 2
0.680 0.453 5.508 0.461 0.523 5.570 0.484 0.555 5.445 2
-0.680 0.453 5.508 -0.461 0.523 5.570 -0.633 0.453 5.719 2
0.461 0.523 5.570 0.000 0.898 5.711 0.000 0.570 5.430 2
-0.461 0.523 5.570 0.000 0.898 5.711 -0.453 0.852 5.766 2
0.109 0.461 5.391 0.336 0.688 5.406 0.484 0.555 5.445 2
-0.336 0.688 5.406 -0.109 0.461 5.391 -0.484 0.555 5.445 2
0.109 0.461 5.391 0.461 0.523 5.570 0.000 0.570 5.430 2
-0.461 0.523 5.570 -0.109 0.461 5.391 0.000 0.570 5.430 2
0.000 0.406 5.398 0.109 0.461 5.391 0.000 0.570 5.430 2
0.000 0.570 5.430 -0.109 0.461 5.391 0.000 0.406 5.398 2
0.773 0.164 5.625 0.727 0.406 5.664 0.797 0.406 5.539 2
-0.773 0.164 5.625 -0.727 0.406 5.664 -0.852 0.234 5.945 2
0.852 0.234 5.945 0.797 0.562 5.875 0.727 0.406 5.664 2
-0.797 0.562 5.875 -0.852 0.234 5.945 -0.727 0.406 5.664 2
0.859 0.320 6.047 0.797 0.617 6.117 0.797 0.562 5.875 2
-0.797 0.617 6.117 -0.859 0.320 6.047 -0.797 0.562 5.875 2
0.797 0.539 6.359 0.820 0.328 6.203 0.773 0.266 6.438 2
-0.797 0.539 6.359 -0.820 0.328 6.203 -0.797 0.617 6.117 2
0.297 -0.312 6.266 0.406 -0.172 5.852 0.211 -0.391 5.836 2
-0.297 -0.312 6.266 -0.406 -0.172 5.852 -0.430 -0.195 6.211 2
0.406 -0.172 5.852 0.594 -0.125 6.164 0.734 -0.047 5.930 2
-0.406 -0.172 5.852 -0.594 -0.125 6.164 -0.430 -0.195 6.211 2
0.602 0.000 5.586 0.406 -0.172 5.852 0.734 -0.047 5.930 2
-0.406 -0.172 5.852 -0.602 0.000 5.586 -0.734 -0.047 5.930 2
0.438 -0.094 5.531 0.219 -0.281 5.570 0.406 -0.172 5.852 2
-0.219 -0.281 5.570 -0.438 -0.094 5.531 -0.406 -0.172 5.852 2
0.219 -0.281 5.570 0.211 -0.391 5.836 0.406 -0.172 5.852 2
-0.406 -0.172 5.852 -0.211 -0.391 5.836 -0.219 -0.281 5.570 2
0.438 -0.094 5.531 0.203 -0.172 5.500 0.211 -0.227 5.531 2
-0.211 -0.227 5.531 -0.203 -0.172 5.500 -0.438 -0.094 5.531 2
0.641 -0.008 6.430 0.617 0.328 6.586 0.773 0.266 6.438 2
-0.641 -0.008 6.430 -0.617 0.328 6.586 -0.484 0.023 6.547 2
0.617 0.328 6.586 0.336 0.055 6.664 0.461 0.438 6.703 2
-0.617 0.328 6.586 -0.336 0.055 6.664 -0.484 0.023 6.547 2
0.430 -0.195 6.211 0.641 -0.008 6.430 0.594 -0.125 6.164 2
-0.430 -0.195 6.211 -0.641 -0.008 6.430 -0.484 0.023 6.547 2
0.344 -0.148 6.539 0.430 -0.195 6.211 0.297 -0.312 6.266 2
-0.344 -0.148 6.539 -0.430 -0.195 6.211 -0.484 0.023 6.547 2
0.336 0.055 6.664 0.484 0.023 6.547 0.344 -0.148 6.539 2
-0.344 -0.148 6.539 -0.484 0.023 6.547 -0.336 0.055 6.664 2
0.891 0.406 6.234 1.016 0.414 6.289 1.023 0.477 6.312 2
-0.891 0.406 6.234 -1.016 0.414 6.289 -0.922 0.359 6.219 2
1.023 0.477 6.312 1.188 0.438 6.391 1.234 0.508 6.422 2
-1.188 0.438 6.391 -1.023 0.477 6.312 -1.234 0.508 6.422 2
1.188 0.438 6.391 1.352 0.320 6.422 1.234 0.508 6.422 2
-1.188 0.438 6.391 -1.352 0.320 6.422 -1.266 0.289 6.406 2
1.266 0.289 6.406 1.281 0.055 6.430 1.352 0.320 6.422 2
-1.266 0.289 6.406 -1.281 0.055 6.430 -1.211 0.078 6.406 2
1.211 0.078 6.406 1.039 -0.102 6.328 1.281 0.055 6.430 2
-1.211 0.078 6.406 -1.039 -0.102 6.328 -1.031 -0.039 6.305 2
1.039 -0.102 6.328 0.828 -0.070 6.133 0.773 -0.141 6.125 2
-0.828 -0.070 6.133 -1.039 -0.102 6.328 -0.773 -0.141 6.125 2
1.031 -0.039 6.305 0.883 -0.023 6.211 0.828 -0.070 6.133 2
-0.883 -0.023 6.211 -1.031 -0.039 6.305 -0.828 -0.070 6.133 2
1.211 0.078 6.406 1.039 0.000 6.367 1.031 -0.039 6.305 2
-1.039 0.000 6.367 -1.211 0.078 6.406 -1.031 -0.039 6.305 2
1.234 0.250 6.445 1.211 0.078 6.406 1.266 0.289 6.406 2
-1.234 0.250 6.445 -1.211 0.078 6.406 -1.188 0.094 6.445 2
1.172 0.359 6.438 1.266 0.289 6.406 1.188 0.438 6.391 2
-1.172 0.359 6.438 -1.266 0.289 6.406 -1.234 0.250 6.445 2
1.023 0.344 6.359 1.188 0.438 6.391 1.016 0.414 6.289 2
-1.023 0.344 6.359 -1.188 0.438 6.391 -1.172 0.359 6.438 2
1.016 0.414 6.289 0.945 0.305 6.289 1.023 0.344 6.359 2
-0.945 0.305 6.289 -1.016 0.414 6.289 -1.023 0.344 6.359 2
0.594 -0.125 6.164 0.727 0.000 6.070 0.734 -0.047 5.930 2
-0.594 -0.125 6.164 -0.727 0.000 6.070 -0.719 -0.023 6.172 2
0.773 -0.141 6.125 0.719 -0.023 6.172 0.594 -0.125 6.164 2
-0.773 -0.141 6.125 -0.719 -0.023 6.172 -0.828 -0.070 6.133 2
0.852 0.234 5.945 0.727 0.000 6.070 0.859 0.320 6.047 2
-0.727 0.000 6.070 -0.852 0.234 5.945 -0.859 0.320 6.047 2
0.820 0.328 6.203 0.922 0.359 6.219 0.891 0.406 6.234 2
-0.922 0.359 6.219 -0.820 0.328 6.203 -0.891 0.406 6.234 2
0.828 -0.070 6.133 0.812 -0.016 6.273 0.719 -0.023 6.172 2
-0.812 -0.016 6.273 -0.828 -0.070 6.133 -0.719 -0.023 6.172 2
0.719 0.039 6.188 0.812 -0.016 6.273 0.844 0.016 6.273 2
-0.719 0.039 6.188 -0.812 -0.016 6.273 -0.719 -0.023 6.172 2
0.758 0.094 6.273 0.844 0.016 6.273 0.820 0.086 6.273 2
-0.844 0.016 6.273 -0.758 0.094 6.273 -0.820 0.086 6.273 2
0.797 0.203 6.211 0.758 0.094 6.273 0.836 0.172 6.273 2
-0.797 0.203 6.211 -0.758 0.094 6.273 -0.719 0.039 6.188 2
0.797 0.203 6.211 0.891 0.242 6.266 0.844 0.289 6.211 2
-0.797 0.203 6.211 -0.891 0.242 6.266 -0.836 0.172 6.273 2
0.844 0.289 6.211 0.945 0.305 6.289 0.922 0.359 6.219 2
-0.844 0.289 6.211 -0.945 0.305 6.289 -0.891 0.242 6.266 2
0.859 0.320 6.047 0.844 0.289 6.211 0.820 0.328 6.203 2
-0.844 0.289 6.211 -0.859 0.320 6.047 -0.820 0.328 6.203 2
0.727 0.000 6.070 0.797 0.203 6.211 0.859 0.320 6.047 2
-0.727 0.000 6.070 -0.797 0.203 6.211 -0.719 0.039 6.188 2
0.727 0.000 6.070 0.719 -0.023 6.172 0.719 0.039 6.188 2
-0.719 0.039 6.188 -0.719 -0.023 6.172 -0.727 0.000 6.070 2
0.945 0.305 6.289 0.891 0.234 6.320 0.953 0.289 6.344 2
-0.891 0.234 6.320 -0.945 0.305 6.289 -0.953 0.289 6.344 2
0.836 0.172 6.273 0.891 0.234 6.320 0.891 0.242 6.266 2
-0.836 0.172 6.273 -0.891 0.234 6.320 -0.844 0.172 6.320 2
0.836 0.172 6.273 0.766 0.094 6.320 0.844 0.172 6.320 2
-0.766 0.094 6.320 -0.836 0.172 6.273 -0.844 0.172 6.320 2
0.820 0.086 6.273 0.766 0.094 6.320 0.758 0.094 6.273 2
-0.820 0.086 6.273 -0.766 0.094 6.320 -0.828 0.078 6.320 2
0.844 0.016 6.273 0.828 0.078 6.320 0.820 0.086 6.273 2
-0.844 0.016 6.273 -0.828 0.078 6.320 -0.852 0.016 6.320 2
0.844 0.016 6.273 0.812 -0.016 6.320 0.852 0.016 6.320 2
-0.812 -0.016 6.320 -0.844 0.016 6.273 -0.852 0.016 6.320 2
0.812 -0.016 6.273 0.883 -0.016 6.266 0.812 -0.016 6.320 2
-0.883 -0.016 6.266 -0.812 -0.016 6.273 -0.812 -0.016 6.320 2
1.023 0.344 6.359 0.953 0.289 6.344 1.039 0.328 6.414 2
-0.953 0.289 6.344 -1.023 0.344 6.359 -1.039 0.328 6.414 2
1.172 0.359 6.438 1.039 0.328 6.414 1.188 0.344 6.484 2
-1.039 0.328 6.414 -1.172 0.359 6.438 -1.188 0.344 6.484 2
1.234 0.250 6.445 1.188 0.344 6.484 1.258 0.242 6.492 2
-1.188 0.344 6.484 -1.234 0.250 6.445 -1.258 0.242 6.492 2
1.234 0.250 6.445 1.211 0.086 6.484 1.188 0.094 6.445 2
-1.234 0.250 6.445 -1.211 0.086 6.484 -1.258 0.242 6.492 2
1.188 0.094 6.445 1.047 0.000 6.422 1.039 0.000 6.367 2
-1.188 0.094 6.445 -1.047 0.000 6.422 -1.211 0.086 6.484 2
1.039 0.000 6.367 0.883 -0.016 6.266 0.883 -0.023 6.211 2
-1.039 0.000 6.367 -0.883 -0.016 6.266 -1.047 0.000 6.422 2
0.852 0.016 6.320 0.891 0.109 6.328 0.828 0.078 6.320 2
-0.852 0.016 6.320 -0.891 0.109 6.328 -0.938 0.062 6.336 2
0.938 0.062 6.336 0.961 0.172 6.352 0.891 0.109 6.328 2
-0.938 0.062 6.336 -0.961 0.172 6.352 -1.000 0.125 6.367 2
0.961 0.172 6.352 1.055 0.188 6.383 1.016 0.234 6.375 2
-1.055 0.188 6.383 -0.961 0.172 6.352 -1.016 0.234 6.375 2
1.055 0.188 6.383 1.086 0.273 6.391 1.016 0.234 6.375 2
-1.055 0.188 6.383 -1.086 0.273 6.391 -1.109 0.211 6.391 2
1.039 0.328 6.414 1.016 0.234 6.375 1.086 0.273 6.391 2
-1.016 0.234 6.375 -1.039 0.328 6.414 -1.086 0.273 6.391 2
0.961 0.172 6.352 0.953 0.289 6.344 0.891 0.234 6.320 2
-0.961 0.172 6.352 -0.953 0.289 6.344 -1.016 0.234 6.375 2
0.844 0.172 6.320 0.961 0.172 6.352 0.891 0.234 6.320 2
-0.844 0.172 6.320 -0.961 0.172 6.352 -0.891 0.109 6.328 2
0.828 0.078 6.320 0.844 0.172 6.320 0.766 0.094 6.320 2
-0.844 0.172 6.320 -0.828 0.078 6.320 -0.766 0.094 6.320 2
0.883 -0.016 6.266 0.852 0.016 6.320 0.812 -0.016 6.320 2
-0.883 -0.016 6.266 -0.852 0.016 6.320 -0.938 0.062 6.336 2
1.047 0.000 6.422 0.938 0.062 6.336 0.883 -0.016 6.266 2
-0.938 0.062 6.336 -1.047 0.000 6.422 -0.883 -0.016 6.266 2
1.055 0.188 6.383 1.047 0.000 6.422 1.211 0.086 6.484 2
-1.055 0.188 6.383 -1.047 0.000 6.422 -1.000 0.125 6.367 2
1.109 0.211 6.391 1.211 0.086 6.484 1.258 0.242 6.492 2
-1.109 0.211 6.391 -1.211 0.086 6.484 -1.055 0.188 6.383 2
1.188 0.344 6.484 1.109 0.211 6.391 1.258 0.242 6.492 2
-1.109 0.211 6.391 -1.188 0.344 6.484 -1.258 0.242 6.492 2
1.039 0.328 6.414 1.086 0.273 6.391 1.188 0.344 6.484 2
-1.188 0.344 6.484 -1.086 0.273 6.391 -1.039 0.328 6.414 2
1.039 -0.102 6.328 0.789 -0.125 6.328 1.039 -0.086 6.492 2
-0.789 -0.125 6.328 -1.039 -0.102 6.328 -1.039 -0.086 6.492 2
1.281 0.055 6.430 1.039 -0.086 6.492 1.312 0.055 6.531 2
-1.039 -0.086 6.492 -1.281 0.055 6.430 -1.312 0.055 6.531 2
1.281 0.055 6.430 1.367 0.297 6.500 1.352 0.320 6.422 2
-1.281 0.055 6.430 -1.367 0.297 6.500 -1.312 0.055 6.531 2
1.352 0.320 6.422 1.250 0.469 6.547 1.234 0.508 6.422 2
-1.352 0.320 6.422 -1.250 0.469 6.547 -1.367 0.297 6.500 2
1.234 0.508 6.422 1.023 0.438 6.484 1.023 0.477 6.312 2
-1.234 0.508 6.422 -1.023 0.438 6.484 -1.250 0.469 6.547 2
1.023 0.477 6.312 0.859 0.383 6.383 0.891 0.406 6.234 2
-1.023 0.477 6.312 -0.859 0.383 6.383 -1.023 0.438 6.484 2
1.039 -0.086 6.492 0.859 0.383 6.383 1.023 0.438 6.484 2
-1.039 -0.086 6.492 -0.859 0.383 6.383 -0.789 -0.125 6.328 2
1.023 0.438 6.484 1.312 0.055 6.531 1.039 -0.086 6.492 2
-1.312 0.055 6.531 -1.023 0.438 6.484 -1.039 -0.086 6.492 2
1.250 0.469 6.547 1.367 0.297 6.500 1.312 0.055 6.531 2
-1.312 0.055 6.531 -1.367 0.297 6.500 -1.250 0.469 6.547 2
0.820 0.328 6.203 0.859 0.383 6.383 0.773 0.266 6.438 2
-0.820 0.328 6.203 -0.859 0.383 6.383 -0.891 0.406 6.234 2
0.773 0.266 6.438 0.789 -0.125 6.328 0.641 -0.008 6.430 2
-0.789 -0.125 6.328 -0.773 0.266 6.438 -0.641 -0.008 6.430 2
0.594 -0.125 6.164 0.789 -0.125 6.328 0.773 -0.141 6.125 2
-0.789 -0.125 6.328 -0.594 -0.125 6.164 -0.773 -0.141 6.125 2
0.469 0.242 5.242 0.438 0.164 5.234 0.500 0.094 5.312 2
-0.500 0.094 5.312 -0.438 0.164 5.234 -0.469 0.242 5.242 2
0.562 0.242 5.328 0.500 0.094 5.312 0.547 0.055 5.422 2
-0.547 0.055 5.422 -0.500 0.094 5.312 -0.562 0.242 5.328 2
0.500 0.094 5.312 0.352 0.031 5.281 0.352 -0.023 5.383 2
-0.352 -0.023 5.383 -0.352 0.031 5.281 -0.500 0.094 5.312 2
0.438 0.164 5.234 0.352 0.133 5.219 0.352 0.031 5.281 2
-0.352 0.031 5.281 -0.352 0.133 5.219 -0.438 0.164 5.234 2
0.352 0.133 5.219 0.273 0.164 5.203 0.203 0.094 5.258 2
-0.203 0.094 5.258 -0.273 0.164 5.203 -0.352 0.133 5.219 2
0.352 0.031 5.281 0.203 0.094 5.258 0.156 0.055 5.352 2
-0.156 0.055 5.352 -0.203 0.094 5.258 -0.352 0.031 5.281 2
0.141 0.242 5.258 0.078 0.242 5.344 0.156 0.055 5.352 2
-0.141 0.242 5.258 -0.203 0.094 5.258 -0.156 0.055 5.352 2
0.273 0.164 5.203 0.242 0.242 5.203 0.141 0.242 5.258 2
-0.141 0.242 5.258 -0.242 0.242 5.203 -0.273 0.164 5.203 2
0.242 0.242 5.203 0.273 0.328 5.203 0.203 0.391 5.258 2
-0.203 0.391 5.258 -0.273 0.328 5.203 -0.242 0.242 5.203 2
0.203 0.391 5.258 0.156 0.438 5.352 0.078 0.242 5.344 2
-0.203 0.391 5.258 -0.141 0.242 5.258 -0.078 0.242 5.344 2
0.352 0.453 5.281 0.352 0.516 5.383 0.156 0.438 5.352 2
-0.352 0.453 5.281 -0.203 0.391 5.258 -0.156 0.438 5.352 2
0.352 0.359 5.219 0.352 0.453 5.281 0.203 0.391 5.258 2
-0.352 0.359 5.219 -0.273 0.328 5.203 -0.203 0.391 5.258 2
0.438 0.328 5.234 0.500 0.391 5.312 0.352 0.453 5.281 2
-0.438 0.328 5.234 -0.352 0.359 5.219 -0.352 0.453 5.281 2
0.500 0.391 5.312 0.547 0.438 5.422 0.352 0.516 5.383 2
-0.500 0.391 5.312 -0.352 0.453 5.281 -0.352 0.516 5.383 2
0.562 0.242 5.328 0.625 0.242 5.438 0.547 0.438 5.422 2
-0.562 0.242 5.328 -0.500 0.391 5.312 -0.547 0.438 5.422 2
0.469 0.242 5.242 0.562 0.242 5.328 0.500 0.391 5.312 2
-0.469 0.242 5.242 -0.438 0.328 5.234 -0.500 0.391 5.312 2
0.438 0.328 5.234 0.445 0.336 5.219 0.477 0.242 5.227 2
-0.438 0.328 5.234 -0.469 0.242 5.242 -0.477 0.242 5.227 2
0.352 0.359 5.219 0.352 0.375 5.195 0.445 0.336 5.219 2
-0.352 0.359 5.219 -0.438 0.328 5.234 -0.445 0.336 5.219 2
0.273 0.328 5.203 0.266 0.336 5.180 0.352 0.375 5.195 2
-0.273 0.328 5.203 -0.352 0.359 5.219 -0.352 0.375 5.195 2
0.242 0.242 5.203 0.227 0.242 5.180 0.266 0.336 5.180 2
-0.242 0.242 5.203 -0.273 0.328 5.203 -0.266 0.336 5.180 2
0.242 0.242 5.203 0.273 0.164 5.203 0.266 0.156 5.180 2
-0.266 0.156 5.180 -0.273 0.164 5.203 -0.242 0.242 5.203 2
0.273 0.164 5.203 0.352 0.133 5.219 0.352 0.117 5.195 2
-0.352 0.117 5.195 -0.352 0.133 5.219 -0.273 0.164 5.203 2
0.352 0.133 5.219 0.438 0.164 5.234 0.445 0.156 5.219 2
-0.445 0.156 5.219 -0.438 0.164 5.234 -0.352 0.133 5.219 2
0.438 0.164 5.234 0.469 0.242 5.242 0.477 0.242 5.227 2
-0.477 0.242 5.227 -0.469 0.242 5.242 -0.438 0.164 5.234 2
0.164 -0.930 5.367 0.000 -0.945 5.359 0.000 -0.984 5.422 2
-0.164 -0.930 5.367 -0.180 -0.969 5.445 0.000 -0.984 5.422 2
0.234 -0.914 5.367 0.164 -0.930 5.367 0.180 -0.969 5.445 2
-0.234 -0.914 5.367 -0.328 -0.945 5.477 -0.180 -0.969 5.445 2
0.367 -0.891 5.469 0.266 -0.820 5.336 0.234 -0.914 5.367 2
-0.234 -0.914 5.367 -0.266 -0.820 5.336 -0.367 -0.891 5.469 2
0.352 -0.695 5.430 0.250 -0.703 5.312 0.266 -0.820 5.336 2
-0.266 -0.820 5.336 -0.250 -0.703 5.312 -0.352 -0.695 5.430 2
0.312 -0.438 5.430 0.211 -0.445 5.289 0.250 -0.703 5.312 2
-0.250 -0.703 5.312 -0.211 -0.445 5.289 -0.312 -0.438 5.430 2
0.203 -0.188 5.438 0.438 -0.141 5.469 0.398 -0.047 5.328 2
-0.398 -0.047 5.328 -0.438 -0.141 5.469 -0.203 -0.188 5.438 2
0.633 -0.039 5.461 0.617 0.055 5.375 0.398 -0.047 5.328 2
-0.633 -0.039 5.461 -0.438 -0.141 5.469 -0.398 -0.047 5.328 2
0.633 -0.039 5.461 0.828 0.148 5.555 0.727 0.203 5.398 2
-0.727 0.203 5.398 -0.828 0.148 5.555 -0.633 -0.039 5.461 2
0.859 0.430 5.406 0.742 0.375 5.344 0.727 0.203 5.398 2
-0.859 0.430 5.406 -0.828 0.148 5.555 -0.727 0.203 5.398 2
0.711 0.484 5.375 0.688 0.414 5.273 0.742 0.375 5.344 2
-0.711 0.484 5.375 -0.859 0.430 5.406 -0.742 0.375 5.344 2
0.492 0.602 5.312 0.438 0.547 5.203 0.688 0.414 5.273 2
-0.492 0.602 5.312 -0.711 0.484 5.375 -0.688 0.414 5.273 2
0.492 0.602 5.312 0.320 0.758 5.266 0.312 0.641 5.164 2
-0.312 0.641 5.164 -0.320 0.758 5.266 -0.492 0.602 5.312 2
0.156 0.719 5.242 0.203 0.617 5.148 0.312 0.641 5.164 2
-0.156 0.719 5.242 -0.320 0.758 5.266 -0.312 0.641 5.164 2
0.062 0.492 5.250 0.102 0.430 5.156 0.203 0.617 5.148 2
-0.062 0.492 5.250 -0.156 0.719 5.242 -0.203 0.617 5.148 2
0.000 0.430 5.258 0.000 0.352 5.180 0.102 0.430 5.156 2
0.000 0.430 5.258 -0.062 0.492 5.250 -0.102 0.430 5.156 2
0.250 0.469 5.242 0.203 0.617 5.148 0.102 0.430 5.156 2
-0.250 0.469 5.242 -0.164 0.414 5.227 -0.102 0.430 5.156 2
0.250 0.469 5.242 0.328 0.477 5.258 0.312 0.641 5.164 2
-0.312 0.641 5.164 -0.328 0.477 5.258 -0.250 0.469 5.242 2
0.438 0.547 5.203 0.312 0.641 5.164 0.328 0.477 5.258 2
-0.438 0.547 5.203 -0.430 0.438 5.281 -0.328 0.477 5.258 2
0.688 0.414 5.273 0.438 0.547 5.203 0.430 0.438 5.281 2
-0.688 0.414 5.273 -0.602 0.375 5.336 -0.430 0.438 5.281 2
0.742 0.375 5.344 0.688 0.414 5.273 0.602 0.375 5.336 2
-0.742 0.375 5.344 -0.641 0.297 5.352 -0.602 0.375 5.336 2
0.727 0.203 5.398 0.742 0.375 5.344 0.641 0.297 5.352 2
-0.727 0.203 5.398 -0.625 0.188 5.352 -0.641 0.297 5.352 2
0.617 0.055 5.375 0.727 0.203 5.398 0.625 0.188 5.352 2
-0.617 0.055 5.375 -0.492 0.062 5.328 -0.625 0.188 5.352 2
0.398 -0.047 5.328 0.617 0.055 5.375 0.492 0.062 5.328 2
-0.398 -0.047 5.328 -0.375 0.016 5.297 -0.492 0.062 5.328 2
0.125 -0.102 5.188 0.398 -0.047 5.328 0.375 0.016 5.297 2
-0.125 -0.102 5.188 -0.203 0.094 5.258 -0.375 0.016 5.297 2
0.203 0.094 5.258 0.164 0.141 5.250 0.000 0.047 5.273 2
0.000 0.047 5.273 -0.164 0.141 5.250 -0.203 0.094 5.258 2
0.102 0.430 5.156 0.000 0.352 5.180 0.125 0.305 5.234 2
-0.102 0.430 5.156 -0.164 0.414 5.227 -0.125 0.305 5.234 2
0.125 0.305 5.234 0.000 0.352 5.180 0.000 0.211 5.234 2
0.000 0.211 5.234 0.000 0.352 5.180 -0.125 0.305 5.234 2
0.164 0.141 5.250 0.133 0.211 5.242 0.000 0.211 5.234 2
-0.164 0.141 5.250 0.000 0.047 5.273 0.000 0.211 5.234 2
0.062 -0.883 5.305 0.000 -0.891 5.312 0.000 -0.945 5.359 2
0.000 -0.945 5.359 0.000 -0.891 5.312 -0.062 -0.883 5.305 2
0.117 -0.836 5.289 0.062 -0.883 5.305 0.164 -0.930 5.367 2
-0.164 -0.930 5.367 -0.062 -0.883 5.305 -0.117 -0.836 5.289 2
0.117 -0.836 5.289 0.234 -0.914 5.367 0.266 -0.820 5.336 2
-0.117 -0.836 5.289 -0.109 -0.719 5.266 -0.266 -0.820 5.336 2
0.211 -0.445 5.289 0.078 -0.445 5.250 0.117 -0.688 5.266 2
-0.117 -0.688 5.266 -0.078 -0.445 5.250 -0.211 -0.445 5.289 2
0.109 -0.719 5.266 0.266 -0.820 5.336 0.250 -0.703 5.312 2
-0.250 -0.703 5.312 -0.266 -0.820 5.336 -0.109 -0.719 5.266 2
0.000 -0.328 5.258 0.000 -0.445 5.250 0.078 -0.445 5.250 2
0.000 -0.328 5.258 -0.086 -0.289 5.258 -0.078 -0.445 5.250 2
0.078 -0.445 5.250 0.000 -0.445 5.250 0.000 -0.680 5.266 2
-0.078 -0.445 5.250 -0.117 -0.688 5.266 0.000 -0.680 5.266 2
0.109 -0.719 5.266 0.117 -0.688 5.266 0.000 -0.680 5.266 2
-0.109 -0.719 5.266 0.000 -0.766 5.266 0.000 -0.680 5.266 2
0.125 -0.227 5.250 0.133 -0.227 5.203 0.094 -0.273 5.219 2
-0.094 -0.273 5.219 -0.133 -0.227 5.203 -0.125 -0.227 5.250 2
0.102 -0.148 5.258 0.109 -0.133 5.219 0.133 -0.227 5.203 2
-0.133 -0.227 5.203 -0.109 -0.133 5.219 -0.102 -0.148 5.258 2
0.039 -0.125 5.219 0.109 -0.133 5.219 0.102 -0.148 5.258 2
-0.039 -0.125 5.219 0.000 -0.141 5.258 -0.102 -0.148 5.258 2
0.000 -0.188 5.203 0.039 -0.125 5.219 0.000 -0.141 5.258 2
0.086 -0.289 5.258 0.094 -0.273 5.219 0.000 -0.320 5.219 2
-0.086 -0.289 5.258 0.000 -0.328 5.258 0.000 -0.320 5.219 2
0.094 -0.273 5.219 0.078 -0.250 5.195 0.000 -0.289 5.195 2
-0.094 -0.273 5.219 0.000 -0.320 5.219 0.000 -0.289 5.195 2
0.000 -0.188 5.203 0.000 -0.203 5.172 0.047 -0.148 5.188 2
-0.047 -0.148 5.188 0.000 -0.203 5.172 0.000 -0.188 5.203 2
0.039 -0.125 5.219 0.047 -0.148 5.188 0.094 -0.156 5.188 2
-0.094 -0.156 5.188 -0.047 -0.148 5.188 -0.039 -0.125 5.219 2
0.094 -0.156 5.188 0.109 -0.227 5.172 0.133 -0.227 5.203 2
-0.094 -0.156 5.188 -0.109 -0.133 5.219 -0.133 -0.227 5.203 2
0.133 -0.227 5.203 0.109 -0.227 5.172 0.078 -0.250 5.195 2
-0.078 -0.250 5.195 -0.109 -0.227 5.172 -0.133 -0.227 5.203 2
0.109 -0.227 5.172 0.094 -0.156 5.188 0.047 -0.148 5.188 2
-0.109 -0.227 5.172 0.000 -0.203 5.172 -0.047 -0.148 5.188 2
0.000 -0.203 5.172 0.000 -0.289 5.195 0.078 -0.250 5.195 2
-0.078 -0.250 5.195 0.000 -0.289 5.195 0.000 -0.203 5.172 2
0.000 -0.141 5.258 0.102 -0.148 5.258 0.125 -0.102 5.188 2
-0.125 -0.102 5.188 -0.102 -0.148 5.258 0.000 -0.141 5.258 2
0.102 -0.148 5.258 0.125 -0.227 5.250 0.164 -0.242 5.289 2
-0.164 -0.242 5.289 -0.125 -0.227 5.250 -0.102 -0.148 5.258 2
0.086 -0.289 5.258 0.180 -0.312 5.289 0.164 -0.242 5.289 2
-0.086 -0.289 5.258 -0.125 -0.227 5.250 -0.164 -0.242 5.289 2
0.078 -0.445 5.250 0.211 -0.445 5.289 0.180 -0.312 5.289 2
-0.078 -0.445 5.250 -0.086 -0.289 5.258 -0.180 -0.312 5.289 2
0.258 -0.312 5.445 0.180 -0.312 5.289 0.211 -0.445 5.289 2
-0.258 -0.312 5.445 -0.312 -0.438 5.430 -0.211 -0.445 5.289 2
0.234 -0.250 5.445 0.164 -0.242 5.289 0.180 -0.312 5.289 2
-0.234 -0.250 5.445 -0.258 -0.312 5.445 -0.180 -0.312 5.289 2
0.203 -0.188 5.438 0.125 -0.102 5.188 0.164 -0.242 5.289 2
-0.164 -0.242 5.289 -0.125 -0.102 5.188 -0.203 -0.188 5.438 2
0.000 -0.766 5.266 0.000 -0.773 5.281 0.094 -0.742 5.273 2
0.000 -0.766 5.266 -0.109 -0.719 5.266 -0.094 -0.742 5.273 2
0.117 -0.836 5.289 0.109 -0.719 5.266 0.094 -0.742 5.273 2
-0.094 -0.742 5.273 -0.109 -0.719 5.266 -0.117 -0.836 5.289 2
0.062 -0.883 5.305 0.117 -0.836 5.289 0.094 -0.820 5.289 2
-0.094 -0.820 5.289 -0.117 -0.836 5.289 -0.062 -0.883 5.305 2
0.000 -0.891 5.312 0.062 -0.883 5.305 0.047 -0.867 5.312 2
-0.047 -0.867 5.312 -0.062 -0.883 5.305 0.000 -0.891 5.312 2
0.047 -0.867 5.312 0.047 -0.852 5.367 0.000 -0.859 5.367 2
-0.047 -0.867 5.312 0.000 -0.875 5.312 0.000 -0.859 5.367 2
0.047 -0.867 5.312 0.094 -0.820 5.289 0.094 -0.812 5.359 2
-0.094 -0.812 5.359 -0.094 -0.820 5.289 -0.047 -0.867 5.312 2
0.094 -0.820 5.289 0.094 -0.742 5.273 0.094 -0.750 5.336 2
-0.094 -0.750 5.336 -0.094 -0.742 5.273 -0.094 -0.820 5.289 2
0.000 -0.773 5.281 0.000 -0.781 5.344 0.094 -0.750 5.336 2
0.000 -0.773 5.281 -0.094 -0.742 5.273 -0.094 -0.750 5.336 2
0.000 -0.781 5.344 0.000 -0.859 5.367 0.047 -0.852 5.367 2
-0.047 -0.852 5.367 0.000 -0.859 5.367 0.000 -0.781 5.344 2
0.133 0.211 5.242 0.164 0.141 5.250 0.188 0.156 5.227 2
-0.188 0.156 5.227 -0.164 0.141 5.250 -0.133 0.211 5.242 2
0.125 0.305 5.234 0.133 0.211 5.242 0.172 0.219 5.219 2
-0.172 0.219 5.219 -0.133 0.211 5.242 -0.125 0.305 5.234 2
0.125 0.305 5.234 0.180 0.297 5.219 0.211 0.375 5.219 2
-0.125 0.305 5.234 -0.164 0.414 5.227 -0.211 0.375 5.219 2
0.203 0.094 5.258 0.227 0.109 5.219 0.188 0.156 5.227 2
-0.203 0.094 5.258 -0.164 0.141 5.250 -0.188 0.156 5.227 2
0.203 0.094 5.258 0.375 0.016 5.297 0.375 0.062 5.258 2
-0.375 0.062 5.258 -0.375 0.016 5.297 -0.203 0.094 5.258 2
0.375 0.016 5.297 0.492 0.062 5.328 0.477 0.102 5.281 2
-0.477 0.102 5.281 -0.492 0.062 5.328 -0.375 0.016 5.297 2
0.492 0.062 5.328 0.625 0.188 5.352 0.578 0.195 5.320 2
-0.578 0.195 5.320 -0.625 0.188 5.352 -0.492 0.062 5.328 2
0.625 0.188 5.352 0.641 0.297 5.352 0.586 0.289 5.312 2
-0.586 0.289 5.312 -0.641 0.297 5.352 -0.625 0.188 5.352 2
0.602 0.375 5.336 0.562 0.352 5.305 0.586 0.289 5.312 2
-0.602 0.375 5.336 -0.641 0.297 5.352 -0.586 0.289 5.312 2
0.430 0.438 5.281 0.422 0.398 5.227 0.562 0.352 5.305 2
-0.430 0.438 5.281 -0.602 0.375 5.336 -0.562 0.352 5.305 2
0.430 0.438 5.281 0.328 0.477 5.258 0.336 0.430 5.242 2
-0.336 0.430 5.242 -0.328 0.477 5.258 -0.430 0.438 5.281 2
0.328 0.477 5.258 0.250 0.469 5.242 0.273 0.422 5.227 2
-0.273 0.422 5.227 -0.250 0.469 5.242 -0.328 0.477 5.258 2
0.250 0.469 5.242 0.164 0.414 5.227 0.211 0.375 5.219 2
-0.211 0.375 5.219 -0.164 0.414 5.227 -0.250 0.469 5.242 2
0.211 0.375 5.219 0.234 0.359 5.242 0.281 0.398 5.234 2
-0.211 0.375 5.219 -0.273 0.422 5.227 -0.281 0.398 5.234 2
0.336 0.430 5.242 0.273 0.422 5.227 0.281 0.398 5.234 2
-0.281 0.398 5.234 -0.273 0.422 5.227 -0.336 0.430 5.242 2
0.336 0.430 5.242 0.336 0.406 5.250 0.414 0.391 5.250 2
-0.336 0.430 5.242 -0.422 0.398 5.227 -0.414 0.391 5.250 2
0.422 0.398 5.227 0.414 0.391 5.250 0.531 0.336 5.320 2
-0.422 0.398 5.227 -0.562 0.352 5.305 -0.531 0.336 5.320 2
0.586 0.289 5.312 0.562 0.352 5.305 0.531 0.336 5.320 2
-0.531 0.336 5.320 -0.562 0.352 5.305 -0.586 0.289 5.312 2
0.586 0.289 5.312 0.555 0.281 5.328 0.547 0.211 5.328 2
-0.586 0.289 5.312 -0.578 0.195 5.320 -0.547 0.211 5.328 2
0.477 0.102 5.281 0.578 0.195 5.320 0.547 0.211 5.328 2
-0.547 0.211 5.328 -0.578 0.195 5.320 -0.477 0.102 5.281 2
0.477 0.102 5.281 0.461 0.117 5.297 0.375 0.086 5.273 2
-0.477 0.102 5.281 -0.375 0.062 5.258 -0.375 0.086 5.273 2
0.375 0.062 5.258 0.375 0.086 5.273 0.242 0.125 5.242 2
-0.375 0.062 5.258 -0.227 0.109 5.219 -0.242 0.125 5.242 2
0.188 0.156 5.227 0.227 0.109 5.219 0.242 0.125 5.242 2
-0.242 0.125 5.242 -0.227 0.109 5.219 -0.188 0.156 5.227 2
0.211 0.375 5.219 0.180 0.297 5.219 0.195 0.297 5.242 2
-0.195 0.297 5.242 -0.180 0.297 5.219 -0.211 0.375 5.219 2
0.180 0.297 5.219 0.172 0.219 5.219 0.195 0.227 5.250 2
-0.195 0.227 5.250 -0.172 0.219 5.219 -0.180 0.297 5.219 2
0.172 0.219 5.219 0.188 0.156 5.227 0.203 0.172 5.250 2
-0.203 0.172 5.250 -0.188 0.156 5.227 -0.172 0.219 5.219 2
0.000 0.430 5.258 0.062 0.492 5.250 0.109 0.461 5.391 2
-0.109 0.461 5.391 -0.062 0.492 5.250 0.000 0.430 5.258 2
0.062 0.492 5.250 0.156 0.719 5.242 0.195 0.664 5.383 2
-0.195 0.664 5.383 -0.156 0.719 5.242 -0.062 0.492 5.250 2
0.320 0.758 5.266 0.336 0.688 5.406 0.195 0.664 5.383 2
-0.320 0.758 5.266 -0.156 0.719 5.242 -0.195 0.664 5.383 2
0.492 0.602 5.312 0.484 0.555 5.445 0.336 0.688 5.406 2
-0.492 0.602 5.312 -0.320 0.758 5.266 -0.336 0.688 5.406 2
0.711 0.484 5.375 0.680 0.453 5.508 0.484 0.555 5.445 2
-0.711 0.484 5.375 -0.492 0.602 5.312 -0.484 0.555 5.445 2
0.711 0.484 5.375 0.859 0.430 5.406 0.797 0.406 5.539 2
-0.797 0.406 5.539 -0.859 0.430 5.406 -0.711 0.484 5.375 2
0.828 0.148 5.555 0.773 0.164 5.625 0.797 0.406 5.539 2
-0.828 0.148 5.555 -0.859 0.430 5.406 -0.797 0.406 5.539 2
0.828 0.148 5.555 0.633 -0.039 5.461 0.602 0.000 5.586 2
-0.602 0.000 5.586 -0.633 -0.039 5.461 -0.828 0.148 5.555 2
0.633 -0.039 5.461 0.438 -0.141 5.469 0.438 -0.094 5.531 2
-0.438 -0.094 5.531 -0.438 -0.141 5.469 -0.633 -0.039 5.461 2
0.000 -0.484 5.719 0.180 -0.414 5.742 0.125 -0.539 5.641 2
0.000 -0.484 5.719 0.000 -0.570 5.680 -0.125 -0.539 5.641 2
0.000 -0.570 5.680 0.125 -0.539 5.641 0.141 -0.758 5.633 2
0.000 -0.570 5.680 0.000 -0.805 5.656 -0.141 -0.758 5.633 2
0.000 -0.805 5.656 0.141 -0.758 5.633 0.164 -0.945 5.562 2
0.000 -0.805 5.656 0.000 -0.977 5.539 -0.164 -0.945 5.562 2
0.180 -0.969 5.445 0.000 -0.984 5.422 0.000 -0.977 5.539 2
0.000 -0.977 5.539 0.000 -0.984 5.422 -0.180 -0.969 5.445 2
0.328 -0.945 5.477 0.180 -0.969 5.445 0.164 -0.945 5.562 2
-0.164 -0.945 5.562 -0.180 -0.969 5.445 -0.328 -0.945 5.477 2
0.367 -0.891 5.469 0.328 -0.945 5.477 0.328 -0.914 5.602 2
-0.328 -0.914 5.602 -0.328 -0.945 5.477 -0.367 -0.891 5.469 2
0.352 -0.695 5.430 0.367 -0.891 5.469 0.289 -0.711 5.617 2
-0.289 -0.711 5.617 -0.367 -0.891 5.469 -0.352 -0.695 5.430 2
0.289 -0.711 5.617 0.141 -0.758 5.633 0.125 -0.539 5.641 2
-0.125 -0.539 5.641 -0.141 -0.758 5.633 -0.289 -0.711 5.617 2
0.328 -0.914 5.602 0.164 -0.945 5.562 0.141 -0.758 5.633 2
-0.328 -0.914 5.602 -0.289 -0.711 5.617 -0.141 -0.758 5.633 2
0.250 -0.500 5.609 0.125 -0.539 5.641 0.180 -0.414 5.742 2
-0.250 -0.500 5.609 -0.234 -0.352 5.594 -0.180 -0.414 5.742 2
0.312 -0.438 5.430 0.352 -0.695 5.430 0.250 -0.500 5.609 2
-0.250 -0.500 5.609 -0.352 -0.695 5.430 -0.312 -0.438 5.430 2
0.219 -0.281 5.570 0.211 -0.227 5.531 0.234 -0.250 5.445 2
-0.219 -0.281 5.570 -0.258 -0.312 5.445 -0.234 -0.250 5.445 2
0.234 -0.352 5.594 0.219 -0.281 5.570 0.258 -0.312 5.445 2
-0.234 -0.352 5.594 -0.312 -0.438 5.430 -0.258 -0.312 5.445 2
0.234 -0.250 5.445 0.211 -0.227 5.531 0.203 -0.172 5.500 2
-0.234 -0.250 5.445 -0.203 -0.188 5.438 -0.203 -0.172 5.500 2
0.203 -0.172 5.500 0.438 -0.094 5.531 0.438 -0.141 5.469 2
-0.203 -0.172 5.500 -0.203 -0.188 5.438 -0.438 -0.141 5.469 2
0.336 0.055 6.664 0.344 -0.148 6.539 0.000 -0.195 6.672 2
-0.336 0.055 6.664 0.000 0.070 6.828 0.000 -0.195 6.672 2
0.344 -0.148 6.539 0.297 -0.312 6.266 0.000 -0.383 6.352 2
-0.344 -0.148 6.539 0.000 -0.195 6.672 0.000 -0.383 6.352 2
0.000 -0.383 6.352 0.297 -0.312 6.266 0.211 -0.391 5.836 2
-0.211 -0.391 5.836 -0.297 -0.312 6.266 0.000 -0.383 6.352 2
0.000 -0.461 5.812 0.211 -0.391 5.836 0.180 -0.414 5.742 2
-0.180 -0.414 5.742 -0.211 -0.391 5.836 0.000 -0.461 5.812 2
0.180 -0.414 5.742 0.211 -0.391 5.836 0.219 -0.281 5.570 2
-0.180 -0.414 5.742 -0.234 -0.352 5.594 -0.219 -0.281 5.570 2
0.773 0.164 5.625 0.602 0.000 5.586 0.734 -0.047 5.930 2
-0.734 -0.047 5.930 -0.602 0.000 5.586 -0.773 0.164 5.625 2
0.461 0.438 6.703 0.336 0.055 6.664 0.000 0.070 6.828 2
-0.461 0.438 6.703 0.000 0.562 6.852 0.000 0.070 6.828 2
0.453 0.852 5.766 0.453 0.930 6.070 0.000 0.984 6.078 2
-0.453 0.852 5.766 0.000 0.898 5.711 0.000 0.984 6.078 2
0.000 0.984 6.078 0.453 0.930 6.070 0.453 0.867 6.383 2
-0.453 0.867 6.383 -0.453 0.930 6.070 0.000 0.984 6.078 2
0.000 0.898 6.547 0.453 0.867 6.383 0.461 0.438 6.703 2
-0.461 0.438 6.703 -0.453 0.867 6.383 0.000 0.898 6.547 2
0.680 0.453 5.508 0.797 0.406 5.539 0.727 0.406 5.664 2
-0.727 0.406 5.664 -0.797 0.406 5.539 -0.680 0.453 5.508 2
0.633 0.453 5.719 0.727 0.406 5.664 0.797 0.562 5.875 2
-0.797 0.562 5.875 -0.727 0.406 5.664 -0.633 0.453 5.719 2
0.641 0.703 5.945 0.797 0.562 5.875 0.797 0.617 6.117 2
-0.797 0.617 6.117 -0.797 0.562 5.875 -0.641 0.703 5.945 2
0.641 0.750 6.195 0.797 0.617 6.117 0.797 0.539 6.359 2
-0.797 0.539 6.359 -0.797 0.617 6.117 -0.641 0.750 6.195 2
0.617 0.328 6.586 0.641 0.680 6.445 0.797 0.539 6.359 2
-0.617 0.328 6.586 -0.773 0.266 6.438 -0.797 0.539 6.359 2
0.461 0.438 6.703 0.453 0.867 6.383 0.641 0.680 6.445 2
-0.641 0.680 6.445 -0.453 0.867 6.383 -0.461 0.438 6.703 2
0.453 0.867 6.383 0.453 0.930 6.070 0.641 0.750 6.195 2
-0.641 0.750 6.195 -0.453 0.930 6.070 -0.453 0.867 6.383 2
0.453 0.930 6.070 0.453 0.852 5.766 0.641 0.703 5.945 2
-0.641 0.703 5.945 -0.453 0.852 5.766 -0.453 0.930 6.070 2
0.453 0.852 5.766 0.461 0.523 5.570 0.633 0.453 5.719 2
-0.633 0.453 5.719 -0.461 0.523 5.570 -0.453 0.852 5.766 2
0.680 0.453 5.508 0.633 0.453 5.719 0.461 0.523 5.570 2
-0.680 0.453 5.508 -0.484 0.555 5.445 -0.461 0.523 5.570 2
0.461 0.523 5.570 0.453 0.852 5.766 0.000 0.898 5.711 2
-0.461 0.523 5.570 0.000 0.570 5.430 0.000 0.898 5.711 2
0.109 0.461 5.391 0.195 0.664 5.383 0.336 0.688 5.406 2
-0.336 0.688 5.406 -0.195 0.664 5.383 -0.109 0.461 5.391 2
0.109 0.461 5.391 0.484 0.555 5.445 0.461 0.523 5.570 2
-0.461 0.523 5.570 -0.484 0.555 5.445 -0.109 0.461 5.391 2
0.773 0.164 5.625 0.852 0.234 5.945 0.727 0.406 5.664 2
-0.773 0.164 5.625 -0.797 0.406 5.539 -0.727 0.406 5.664 2
0.852 0.234 5.945 0.859 0.320 6.047 0.797 0.562 5.875 2
-0.797 0.562 5.875 -0.859 0.320 6.047 -0.852 0.234 5.945 2
0.859 0.320 6.047 0.820 0.328 6.203 0.797 0.617 6.117 2
-0.797 0.617 6.117 -0.820 0.328 6.203 -0.859 0.320 6.047 2
0.797 0.539 6.359 0.797 0.617 6.117 0.820 0.328 6.203 2
-0.797 0.539 6.359 -0.773 0.266 6.438 -0.820 0.328 6.203 2
0.297 -0.312 6.266 0.430 -0.195 6.211 0.406 -0.172 5.852 2
-0.297 -0.312 6.266 -0.211 -0.391 5.836 -0.406 -0.172 5.852 2
0.406 -0.172 5.852 0.430 -0.195 6.211 0.594 -0.125 6.164 2
-0.406 -0.172 5.852 -0.734 -0.047 5.930 -0.594 -0.125 6.164 2
0.602 0.000 5.586 0.438 -0.094 5.531 0.406 -0.172 5.852 2
-0.406 -0.172 5.852 -0.438 -0.094 5.531 -0.602 0.000 5.586 2
0.438 -0.094 5.531 0.211 -0.227 5.531 0.219 -0.281 5.570 2
-0.219 -0.281 5.570 -0.211 -0.227 5.531 -0.438 -0.094 5.531 2
0.641 -0.008 6.430 0.484 0.023 6.547 0.617 0.328 6.586 2
-0.641 -0.008 6.430 -0.773 0.266 6.438 -0.617 0.328 6.586 2
0.617 0.328 6.586 0.484 0.023 6.547 0.336 0.055 6.664 2
-0.617 0.328 6.586 -0.461 0.438 6.703 -0.336 0.055 6.664 2
0.430 -0.195 6.211 0.484 0.023 6.547 0.641 -0.008 6.430 2
-0.430 -0.195 6.211 -0.594 -0.125 6.164 -0.641 -0.008 6.430 2
0.344 -0.148 6.539 0.484 0.023 6.547 0.430 -0.195 6.211 2
-0.344 -0.148 6.539 -0.297 -0.312 6.266 -0.430 -0.195 6.211 2
0.891 0.406 6.234 0.922 0.359 6.219 1.016 0.414 6.289 2
-0.891 0.406 6.234 -1.023 0.477 6.312 -1.016 0.414 6.289 2
1.023 0.477 6.312 1.016 0.414 6.289 1.188 0.438 6.391 2
-1.188 0.438 6.391 -1.016 0.414 6.289 -1.023 0.477 6.312 2
1.188 0.438 6.391 1.266 0.289 6.406 1.352 0.320 6.422 2
-1.188 0.438 6.391 -1.234 0.508 6.422 -1.352 0.320 6.422 2
1.266 0.289 6.406 1.211 0.078 6.406 1.281 0.055 6.430 2
-1.266 0.289 6.406 -1.352 0.320 6.422 -1.281 0.055 6.430 2
1.211 0.078 6.406 1.031 -0.039 6.305 1.039 -0.102 6.328 2
-1.211 0.078 6.406 -1.281 0.055 6.430 -1.039 -0.102 6.328 2
1.039 -0.102 6.328 1.031 -0.039 6.305 0.828 -0.070 6.133 2
-0.828 -0.070 6.133 -1.031 -0.039 6.305 -1.039 -0.102 6.328 2
1.031 -0.039 6.305 1.039 0.000 6.367 0.883 -0.023 6.211 2
-0.883 -0.023 6.211 -1.039 0.000 6.367 -1.031 -0.039 6.305 2
1.211 0.078 6.406 1.188 0.094 6.445 1.039 0.000 6.367 2
-1.039 0.000 6.367 -1.188 0.094 6.445 -1.211 0.078 6.406 2
1.234 0.250 6.445 1.188 0.094 6.445 1.211 0.078 6.406 2
-1.234 0.250 6.445 -1.266 0.289 6.406 -1.211 0.078 6.406 2
1.172 0.359 6.438 1.234 0.250 6.445 1.266 0.289 6.406 2
-1.172 0.359 6.438 -1.188 0.438 6.391 -1.266 0.289 6.406 2
1.023 0.344 6.359 1.172 0.359 6.438 1.188 0.438 6.391 2
-1.023 0.344 6.359 -1.016 0.414 6.289 -1.188 0.438 6.391 2
1.016 0.414 6.289 0.922 0.359 6.219 0.945 0.305 6.289 2
-0.945 0.305 6.289 -0.922 0.359 6.219 -1.016 0.414 6.289 2
0.594 -0.125 6.164 0.719 -0.023 6.172 0.727 0.000 6.070 2
-0.594 -0.125 6.164 -0.734 -0.047 5.930 -0.727 0.000 6.070 2
0.773 -0.141 6.125 0.828 -0.070 6.133 0.719 -0.023 6.172 2
-0.773 -0.141 6.125 -0.594 -0.125 6.164 -0.719 -0.023 6.172 2
0.852 0.234 5.945 0.734 -0.047 5.930 0.727 0.000 6.070 2
-0.727 0.000 6.070 -0.734 -0.047 5.930 -0.852 0.234 5.945 2
0.820 0.328 6.203 0.844 0.289 6.211 0.922 0.359 6.219 2
-0.922 0.359 6.219 -0.844 0.289 6.211 -0.820 0.328 6.203 2
0.828 -0.070 6.133 0.883 -0.023 6.211 0.812 -0.016 6.273 2
-0.812 -0.016 6.273 -0.883 -0.023 6.211 -0.828 -0.070 6.133 2
0.719 0.039 6.188 0.719 -0.023 6.172 0.812 -0.016 6.273 2
-0.719 0.039 6.188 -0.844 0.016 6.273 -0.812 -0.016 6.273 2
0.758 0.094 6.273 0.719 0.039 6.188 0.844 0.016 6.273 2
-0.844 0.016 6.273 -0.719 0.039 6.188 -0.758 0.094 6.273 2
0.797 0.203 6.211 0.719 0.039 6.188 0.758 0.094 6.273 2
-0.797 0.203 6.211 -0.836 0.172 6.273 -0.758 0.094 6.273 2
0.797 0.203 6.211 0.836 0.172 6.273 0.891 0.242 6.266 2
-0.797 0.203 6.211 -0.844 0.289 6.211 -0.891 0.242 6.266 2
0.844 0.289 6.211 0.891 0.242 6.266 0.945 0.305 6.289 2
-0.844 0.289 6.211 -0.922 0.359 6.219 -0.945 0.305 6.289 2
0.859 0.320 6.047 0.797 0.203 6.211 0.844 0.289 6.211 2
-0.844 0.289 6.211 -0.797 0.203 6.211 -0.859 0.320 6.047 2
0.727 0.000 6.070 0.719 0.039 6.188 0.797 0.203 6.211 2
-0.727 0.000 6.070 -0.859 0.320 6.047 -0.797 0.203 6.211 2
0.945 0.305 6.289 0.891 0.242 6.266 0.891 0.234 6.320 2
-0.891 0.234 6.320 -0.891 0.242 6.266 -0.945 0.305 6.289 2
0.836 0.172 6.273 0.844 0.172 6.320 0.891 0.234 6.320 2
-0.836 0.172 6.273 -0.891 0.242 6.266 -0.891 0.234 6.320 2
0.836 0.172 6.273 0.758 0.094 6.273 0.766 0.094 6.320 2
-0.766 0.094 6.320 -0.758 0.094 6.273 -0.836 0.172 6.273 2
0.820 0.086 6.273 0.828 0.078 6.320 0.766 0.094 6.320 2
-0.820 0.086 6.273 -0.758 0.094 6.273 -0.766 0.094 6.320 2
0.844 0.016 6.273 0.852 0.016 6.320 0.828 0.078 6.320 2
-0.844 0.016 6.273 -0.820 0.086 6.273 -0.828 0.078 6.320 2
0.844 0.016 6.273 0.812 -0.016 6.273 0.812 -0.016 6.320 2
-0.812 -0.016 6.320 -0.812 -0.016 6.273 -0.844 0.016 6.273 2
0.812 -0.016 6.273 0.883 -0.023 6.211 0.883 -0.016 6.266 2
-0.883 -0.016 6.266 -0.883 -0.023 6.211 -0.812 -0.016 6.273 2
1.023 0.344 6.359 0.945 0.305 6.289 0.953 0.289 6.344 2
-0.953 0.289 6.344 -0.945 0.305 6.289 -1.023 0.344 6.359 2
1.172 0.359 6.438 1.023 0.344 6.359 1.039 0.328 6.414 2
-1.039 0.328 6.414 -1.023 0.344 6.359 -1.172 0.359 6.438 2
1.234 0.250 6.445 1.172 0.359 6.438 1.188 0.344 6.484 2
-1.188 0.344 6.484 -1.172 0.359 6.438 -1.234 0.250 6.445 2
1.234 0.250 6.445 1.258 0.242 6.492 1.211 0.086 6.484 2
-1.234 0.250 6.445 -1.188 0.094 6.445 -1.211 0.086 6.484 2
1.188 0.094 6.445 1.211 0.086 6.484 1.047 0.000 6.422 2
-1.188 0.094 6.445 -1.039 0.000 6.367 -1.047 0.000 6.422 2
1.039 0.000 6.367 1.047 0.000 6.422 0.883 -0.016 6.266 2
-1.039 0.000 6.367 -0.883 -0.023 6.211 -0.883 -0.016 6.266 2
0.852 0.016 6.320 0.938 0.062 6.336 0.891 0.109 6.328 2
-0.852 0.016 6.320 -0.828 0.078 6.320 -0.891 0.109 6.328 2
0.938 0.062 6.336 1.000 0.125 6.367 0.961 0.172 6.352 2
-0.938 0.062 6.336 -0.891 0.109 6.328 -0.961 0.172 6.352 2
0.961 0.172 6.352 1.000 0.125 6.367 1.055 0.188 6.383 2
-1.055 0.188 6.383 -1.000 0.125 6.367 -0.961 0.172 6.352 2
1.055 0.188 6.383 1.109 0.211 6.391 1.086 0.273 6.391 2
-1.055 0.188 6.383 -1.016 0.234 6.375 -1.086 0.273 6.391 2
1.039 0.328 6.414 0.953 0.289 6.344 1.016 0.234 6.375 2
-1.016 0.234 6.375 -0.953 0.289 6.344 -1.039 0.328 6.414 2
0.961 0.172 6.352 1.016 0.234 6.375 0.953 0.289 6.344 2
-0.961 0.172 6.352 -0.891 0.234 6.320 -0.953 0.289 6.344 2
0.844 0.172 6.320 0.891 0.109 6.328 0.961 0.172 6.352 2
-0.844 0.172 6.320 -0.891 0.234 6.320 -0.961 0.172 6.352 2
0.828 0.078 6.320 0.891 0.109 6.328 0.844 0.172 6.320 2
-0.844 0.172 6.320 -0.891 0.109 6.328 -0.828 0.078 6.320 2
0.883 -0.016 6.266 0.938 0.062 6.336 0.852 0.016 6.320 2
-0.883 -0.016 6.266 -0.812 -0.016 6.320 -0.852 0.016 6.320 2
1.047 0.000 6.422 1.000 0.125 6.367 0.938 0.062 6.336 2
-0.938 0.062 6.336 -1.000 0.125 6.367 -1.047 0.000 6.422 2
1.055 0.188 6.383 1.000 0.125 6.367 1.047 0.000 6.422 2
-1.055 0.188 6.383 -1.211 0.086 6.484 -1.047 0.000 6.422 2
1.109 0.211 6.391 1.055 0.188 6.383 1.211 0.086 6.484 2
-1.109 0.211 6.391 -1.258 0.242 6.492 -1.211 0.086 6.484 2
1.188 0.344 6.484 1.086 0.273 6.391 1.109 0.211 6.391 2
-1.109 0.211 6.391 -1.086 0.273 6.391 -1.188 0.344 6.484 2
1.039 -0.102 6.328 0.773 -0.141 6.125 0.789 -0.125 6.328 2
-0.789 -0.125 6.328 -0.773 -0.141 6.125 -1.039 -0.102 6.328 2
1.281 0.055 6.430 1.039 -0.102 6.328 1.039 -0.086 6.492 2
-1.039 -0.086 6.492 -1.039 -0.102 6.328 -1.281 0.055 6.430 2
1.281 0.055 6.430 1.312 0.055 6.531 1.367 0.297 6.500 2
-1.281 0.055 6.430 -1.352 0.320 6.422 -1.367 0.297 6.500 2
1.352 0.320 6.422 1.367 0.297 6.500 1.250 0.469 6.547 2
-1.352 0.320 6.422 -1.234 0.508 6.422 -1.250 0.469 6.547 2
1.234 0.508 6.422 1.250 0.469 6.547 1.023 0.438 6.484 2
-1.234 0.508 6.422 -1.023 0.477 6.312 -1.023 0.438 6.484 2
1.023 0.477 6.312 1.023 0.438 6.484 0.859 0.383 6.383 2
-1.023 0.477 6.312 -0.891 0.406 6.234 -0.859 0.383 6.383 2
1.039 -0.086 6.492 0.789 -0.125 6.328 0.859 0.383 6.383 2
-1.039 -0.086 6.492 -1.023 0.438 6.484 -0.859 0.383 6.383 2
1.023 0.438 6.484 1.250 0.469 6.547 1.312 0.055 6.531 2
-1.312 0.055 6.531 -1.250 0.469 6.547 -1.023 0.438 6.484 2
0.820 0.328 6.203 0.891 0.406 6.234 0.859 0.383 6.383 2
-0.820 0.328 6.203 -0.773 0.266 6.438 -0.859 0.383 6.383 2
0.773 0.266 6.438 0.859 0.383 6.383 0.789 -0.125 6.328 2
-0.789 -0.125 6.328 -0.859 0.383 6.383 -0.773 0.266 6.438 2
0.594 -0.125 6.164 0.641 -0.008 6.430 0.789 -0.125 6.328 2
-0.789 -0.125 6.328 -0.641 -0.008 6.430 -0.594 -0.125 6.164 2
