# Version
4

# Width, height, number of samples per side
320 240 32

# Camera position (x, y, z), target position (x, y, z), up vector (x, y, z), FOV y (angle in degrees)
0.0 0.0 0.0 0.0 0.0 1.0 0.0 1.0 0.0 60.0

# Environment (r, g, b)
0.000 0.000 0.000

# Number of materials
5
# Albedo (r, g, b), emission (r, g, b), kind (0 - diffuse, 1 - mirror)
1.000 1.000 1.000 0.000 0.000 0.000 1
0.900 0.600 0.300 0.000 0.000 0.000 0
1.000 1.000 1.000 0.000 0.000 0.000 0
0.600 0.900 0.300 0.000 0.000 0.000 0
0.000 0.000 0.000 40.000 40.000 40.000 0

# Number of spheres
0
# Position (x, y, z), radius, material index

# Number of planes
1
# Normal (x, y, z), distance, material index
0.0 1.0 0.0 -2.0 2

# Number of triangles
970
# A (x, y, z), B (x, y, z), C(x, y, z), material index)
-2.0 -2.0 4.0 -2.0 -2.0 8.0 -2.0 2.0 8.0 1
-2.0 -2.0 4.0 -2.0 2.0 8.0 -2.0 2.0 4.0 1
2.0 -2.0 4.0 2.0 -2.0 8.0 2.0 2.0 8.0 3
2.0 -2.0 4.0 2.0 2.0 8.0 2.0 2.0 4.0 3
-2.0 2.0 4.0 2.0 2.0 4.0 2.0 2.0 8.0 2
-2.0 2.0 4.0 2.0 2.0 8.0 -2.0 2.0 8.0 2
-2.0 -2.0 8.0 2.0 -2.0 8.0 2.0 2.0 8.0 2
-2.0 -2.0 8.0 2.0 2.0 8.0 -2.0 2.0 8.0 2
-0.5 1.95 5.5 0.5 1.95 5.5 0.5 1.95 6.5 4
-0.5 1.95 5.5 0.5 1.95 6.5 -0.5 1.95 6.5 4
-1.121 -1.121 6.000 -0.760 -1.429 6.000 -0.767 -1.423 6.092 0
-1.121 -1.121 6.000 -0.767 -1.423 6.092 -0.786 -1.404 6.181 0
-1.121 -1.121 6.000 -0.786 -1.404 6.181 -0.817 -1.373 6.263 0
-1.121 -1.121 6.000 -0.817 -1.373 6.263 -0.858 -1.331 6.334 0
-1.121 -1.121 6.000 -0.858 -1.331 6.334 -0.909 -1.281 6.393 0
-1.121 -1.121 6.000 -0.909 -1.281 6.393 -0.967 -1.223 6.437 0
-1.121 -1.121 6.000 -0.967 -1.223 6.437 -1.030 -1.160 6.464 0
-1.121 -1.121 6.000 -1.030 -1.160 6.464 -1.095 -1.095 6.473 0
-1.121 -1.121 6.000 -1.095 -1.095 6.473 -1.160 -1.030 6.464 0
-1.121 -1.121 6.000 -1.160 -1.030 6.464 -1.223 -0.967 6.437 0
-1.121 -1.121 6.000 -1.223 -0.967 6.437 -1.281 -0.909 6.393 0
-1.121 -1.121 6.000 -1.281 -0.909 6.393 -1.331 -0.858 6.334 0
-1.121 -1.121 6.000 -1.331 -0.858 6.334 -1.373 -0.817 6.263 0
-1.121 -1.121 6.000 -1.373 -0.817 6.263 -1.404 -0.786 6.181 0
-1.121 -1.121 6.000 -1.404 -0.786 6.181 -1.423 -0.767 6.092 0
-1.121 -1.121 6.000 -1.423 -0.767 6.092 -1.429 -0.760 6.000 0
-1.121 -1.121 6.000 -1.429 -0.760 6.000 -1.423 -0.767 5.908 0
-1.121 -1.121 6.000 -1.423 -0.767 5.908 -1.404 -0.786 5.819 0
-1.121 -1.121 6.000 -1.404 -0.786 5.819 -1.373 -0.817 5.737 0
-1.121 -1.121 6.000 -1.373 -0.817 5.737 -1.331 -0.858 5.666 0
-1.121 -1.121 6.000 -1.331 -0.858 5.666 -1.281 -0.909 5.607 0
-1.121 -1.121 6.000 -1.281 -0.909 5.607 -1.223 -0.967 5.563 0
-1.121 -1.121 6.000 -1.223 -0.967 5.563 -1.160 -1.030 5.536 0
-1.121 -1.121 6.000 -1.160 -1.030 5.536 -1.095 -1.095 5.527 0
-1.121 -1.121 6.000 -1.095 -1.095 5.527 -1.030 -1.160 5.536 0
-1.121 -1.121 6.000 -1.030 -1.160 5.536 -0.967 -1.223 5.563 0
-1.121 -1.121 6.000 -0.967 -1.223 5.563 -0.909 -1.281 5.607 0
-1.121 -1.121 6.000 -0.909 -1.281 5.607 -0.858 -1.331 5.666 0
-1.121 -1.121 6.000 -0.858 -1.331 5.666 -0.817 -1.373 5.737 0
-1.121 -1.121 6.000 -0.817 -1.373 5.737 -0.786 -1.404 5.819 0
-1.121 -1.121 6.000 -0.786 -1.404 5.819 -0.767 -1.423 5.908 0
-1.121 -1.121 6.000 -0.767 -1.423 5.908 -0.760 -1.429 6.000 0
-0.760 -1.429 6.000 -0.767 -1.423 6.092 -0.597 -1.540 6.000 0
-0.767 -1.423 6.092 -0.606 -1.531 6.130 -0.597 -1.540 6.000 0
-0.767 -1.423 6.092 -0.786 -1.404 6.181 -0.606 -1.531 6.130 0
-0.786 -1.404 6.181 -0.633 -1.504 6.255 -0.606 -1.531 6.130 0
-0.786 -1.404 6.181 -0.817 -1.373 6.263 -0.633 -1.504 6.255 0
-0.817 -1.373 6.263 -0.676 -1.460 6.370 -0.633 -1.504 6.255 0
-0.817 -1.373 6.263 -0.858 -1.331 6.334 -0.676 -1.460 6.370 0
-0.858 -1.331 6.334 -0.735 -1.402 6.471 -0.676 -1.460 6.370 0
-0.858 -1.331 6.334 -0.909 -1.281 6.393 -0.735 -1.402 6.471 0
-0.909 -1.281 6.393 -0.806 -1.330 6.554 -0.735 -1.402 6.471 0
-0.909 -1.281 6.393 -0.967 -1.223 6.437 -0.806 -1.330 6.554 0
-0.967 -1.223 6.437 -0.888 -1.249 6.616 -0.806 -1.330 6.554 0
-0.967 -1.223 6.437 -1.030 -1.160 6.464 -0.888 -1.249 6.616 0
-1.030 -1.160 6.464 -0.976 -1.160 6.654 -0.888 -1.249 6.616 0
-1.030 -1.160 6.464 -1.095 -1.095 6.473 -0.976 -1.160 6.654 0
-1.095 -1.095 6.473 -1.068 -1.068 6.667 -0.976 -1.160 6.654 0
-1.095 -1.095 6.473 -1.160 -1.030 6.464 -1.068 -1.068 6.667 0
-1.160 -1.030 6.464 -1.160 -0.976 6.654 -1.068 -1.068 6.667 0
-1.160 -1.030 6.464 -1.223 -0.967 6.437 -1.160 -0.976 6.654 0
-1.223 -0.967 6.437 -1.249 -0.888 6.616 -1.160 -0.976 6.654 0
-1.223 -0.967 6.437 -1.281 -0.909 6.393 -1.249 -0.888 6.616 0
-1.281 -0.909 6.393 -1.330 -0.806 6.554 -1.249 -0.888 6.616 0
-1.281 -0.909 6.393 -1.331 -0.858 6.334 -1.330 -0.806 6.554 0
-1.331 -0.858 6.334 -1.402 -0.735 6.471 -1.330 -0.806 6.554 0
-1.331 -0.858 6.334 -1.373 -0.817 6.263 -1.402 -0.735 6.471 0
-1.373 -0.817 6.263 -1.460 -0.676 6.370 -1.402 -0.735 6.471 0
-1.373 -0.817 6.263 -1.404 -0.786 6.181 -1.460 -0.676 6.370 0
-1.404 -0.786 6.181 -1.504 -0.633 6.255 -1.460 -0.676 6.370 0
-1.404 -0.786 6.181 -1.423 -0.767 6.092 -1.504 -0.633 6.255 0
-1.423 -0.767 6.092 -1.531 -0.606 6.130 -1.504 -0.633 6.255 0
-1.423 -0.767 6.092 -1.429 -0.760 6.000 -1.531 -0.606 6.130 0
-1.429 -0.760 6.000 -1.540 -0.597 6.000 -1.531 -0.606 6.130 0
-1.429 -0.760 6.000 -1.423 -0.767 5.908 -1.540 -0.597 6.000 0
-1.423 -0.767 5.908 -1.531 -0.606 5.870 -1.540 -0.597 6.000 0
-1.423 -0.767 5.908 -1.404 -0.786 5.819 -1.531 -0.606 5.870 0
-1.404 -0.786 5.819 -1.504 -0.633 5.745 -1.531 -0.606 5.870 0
-1.404 -0.786 5.819 -1.373 -0.817 5.737 -1.504 -0.633 5.745 0
-1.373 -0.817 5.737 -1.460 -0.676 5.630 -1.504 -0.633 5.745 0
-1.373 -0.817 5.737 -1.331 -0.858 5.666 -1.460 -0.676 5.630 0
-1.331 -0.858 5.666 -1.402 -0.735 5.529 -1.460 -0.676 5.630 0
-1.331 -0.858 5.666 -1.281 -0.909 5.607 -1.402 -0.735 5.529 0
-1.281 -0.909 5.607 -1.330 -0.806 5.446 -1.402 -0.735 5.529 0
-1.281 -0.909 5.607 -1.223 -0.967 5.563 -1.330 -0.806 5.446 0
-1.223 -0.967 5.563 -1.249 -0.888 5.384 -1.330 -0.806 5.446 0
-1.223 -0.967 5.563 -1.160 -1.030 5.536 -1.249 -0.888 5.384 0
-1.160 -1.030 5.536 -1.160 -0.976 5.346 -1.249 -0.888 5.384 0
-1.160 -1.030 5.536 -1.095 -1.095 5.527 -1.160 -0.976 5.346 0
-1.095 -1.095 5.527 -1.068 -1.068 5.333 -1.160 -0.976 5.346 0
-1.095 -1.095 5.527 -1.030 -1.160 5.536 -1.068 -1.068 5.333 0
-1.030 -1.160 5.536 -0.976 -1.160 5.346 -1.068 -1.068 5.333 0
-1.030 -1.160 5.536 -0.967 -1.223 5.563 -0.976 -1.160 5.346 0
-0.967 -1.223 5.563 -0.888 -1.249 5.384 -0.976 -1.160 5.346 0
-0.967 -1.223 5.563 -0.909 -1.281 5.607 -0.888 -1.249 5.384 0
-0.909 -1.281 5.607 -0.806 -1.330 5.446 -0.888 -1.249 5.384 0
-0.909 -1.281 5.607 -0.858 -1.331 5.666 -0.806 -1.330 5.446 0
-0.858 -1.331 5.666 -0.735 -1.402 5.529 -0.806 -1.330 5.446 0
-0.858 -1.331 5.666 -0.817 -1.373 5.737 -0.735 -1.402 5.529 0
-0.817 -1.373 5.737 -0.676 -1.460 5.630 -0.735 -1.402 5.529 0
-0.817 -1.373 5.737 -0.786 -1.404 5.819 -0.676 -1.460 5.630 0
-0.786 -1.404 5.819 -0.633 -1.504 5.745 -0.676 -1.460 5.630 0
-0.786 -1.404 5.819 -0.767 -1.423 5.908 -0.633 -1.504 5.745 0
-0.767 -1.423 5.908 -0.606 -1.531 5.870 -0.633 -1.504 5.745 0
-0.767 -1.423 5.908 -0.760 -1.429 6.000 -0.606 -1.531 5.870 0
-0.760 -1.429 6.000 -0.597 -1.540 6.000 -0.606 -1.531 5.870 0
-0.597 -1.540 6.000 -0.606 -1.531 6.130 -0.466 -1.617 6.000 0
-0.606 -1.531 6.130 -0.477 -1.606 6.159 -0.466 -1.617 6.000 0
-0.606 -1.531 6.130 -0.633 -1.504 6.255 -0.477 -1.606 6.159 0
-0.633 -1.504 6.255 -0.510 -1.573 6.311 -0.477 -1.606 6.159 0
-0.633 -1.504 6.255 -0.676 -1.460 6.370 -0.510 -1.573 6.311 0
-0.676 -1.460 6.370 -0.563 -1.520 6.452 -0.510 -1.573 6.311 0
-0.676 -1.460 6.370 -0.735 -1.402 6.471 -0.563 -1.520 6.452 0
-0.735 -1.402 6.471 -0.635 -1.449 6.575 -0.563 -1.520 6.452 0
-0.735 -1.402 6.471 -0.806 -1.330 6.554 -0.635 -1.449 6.575 0
-0.806 -1.330 6.554 -0.722 -1.361 6.677 -0.635 -1.449 6.575 0
-0.806 -1.330 6.554 -0.888 -1.249 6.616 -0.722 -1.361 6.677 0
-0.888 -1.249 6.616 -0.822 -1.262 6.752 -0.722 -1.361 6.677 0
-0.888 -1.249 6.616 -0.976 -1.160 6.654 -0.822 -1.262 6.752 0
-0.976 -1.160 6.654 -0.930 -1.154 6.798 -0.822 -1.262 6.752 0
-0.976 -1.160 6.654 -1.068 -1.068 6.667 -0.930 -1.154 6.798 0
-1.068 -1.068 6.667 -1.042 -1.042 6.814 -0.930 -1.154 6.798 0
-1.068 -1.068 6.667 -1.160 -0.976 6.654 -1.042 -1.042 6.814 0
-1.160 -0.976 6.654 -1.154 -0.930 6.798 -1.042 -1.042 6.814 0
-1.160 -0.976 6.654 -1.249 -0.888 6.616 -1.154 -0.930 6.798 0
-1.249 -0.888 6.616 -1.262 -0.822 6.752 -1.154 -0.930 6.798 0
-1.249 -0.888 6.616 -1.330 -0.806 6.554 -1.262 -0.822 6.752 0
-1.330 -0.806 6.554 -1.361 -0.722 6.677 -1.262 -0.822 6.752 0
-1.330 -0.806 6.554 -1.402 -0.735 6.471 -1.361 -0.722 6.677 0
-1.402 -0.735 6.471 -1.449 -0.635 6.575 -1.361 -0.722 6.677 0
-1.402 -0.735 6.471 -1.460 -0.676 6.370 -1.449 -0.635 6.575 0
-1.460 -0.676 6.370 -1.520 -0.563 6.452 -1.449 -0.635 6.575 0
-1.460 -0.676 6.370 -1.504 -0.633 6.255 -1.520 -0.563 6.452 0
-1.504 -0.633 6.255 -1.573 -0.510 6.311 -1.520 -0.563 6.452 0
-1.504 -0.633 6.255 -1.531 -0.606 6.130 -1.573 -0.510 6.311 0
-1.531 -0.606 6.130 -1.606 -0.477 6.159 -1.573 -0.510 6.311 0
-1.531 -0.606 6.130 -1.540 -0.597 6.000 -1.606 -0.477 6.159 0
-1.540 -0.597 6.000 -1.617 -0.466 6.000 -1.606 -0.477 6.159 0
-1.540 -0.597 6.000 -1.531 -0.606 5.870 -1.617 -0.466 6.000 0
-1.531 -0.606 5.870 -1.606 -0.477 5.841 -1.617 -0.466 6.000 0
-1.531 -0.606 5.870 -1.504 -0.633 5.745 -1.606 -0.477 5.841 0
-1.504 -0.633 5.745 -1.573 -0.510 5.689 -1.606 -0.477 5.841 0
-1.504 -0.633 5.745 -1.460 -0.676 5.630 -1.573 -0.510 5.689 0
-1.460 -0.676 5.630 -1.520 -0.563 5.548 -1.573 -0.510 5.689 0
-1.460 -0.676 5.630 -1.402 -0.735 5.529 -1.520 -0.563 5.548 0
-1.402 -0.735 5.529 -1.449 -0.635 5.425 -1.520 -0.563 5.548 0
-1.402 -0.735 5.529 -1.330 -0.806 5.446 -1.449 -0.635 5.425 0
-1.330 -0.806 5.446 -1.361 -0.722 5.323 -1.449 -0.635 5.425 0
-1.330 -0.806 5.446 -1.249 -0.888 5.384 -1.361 -0.722 5.323 0
-1.249 -0.888 5.384 -1.262 -0.822 5.248 -1.361 -0.722 5.323 0
-1.249 -0.888 5.384 -1.160 -0.976 5.346 -1.262 -0.822 5.248 0
-1.160 -0.976 5.346 -1.154 -0.930 5.202 -1.262 -0.822 5.248 0
-1.160 -0.976 5.346 -1.068 -1.068 5.333 -1.154 -0.930 5.202 0
-1.068 -1.068 5.333 -1.042 -1.042 5.186 -1.154 -0.930 5.202 0
-1.068 -1.068 5.333 -0.976 -1.160 5.346 -1.042 -1.042 5.186 0
-0.976 -1.160 5.346 -0.930 -1.154 5.202 -1.042 -1.042 5.186 0
-0.976 -1.160 5.346 -0.888 -1.249 5.384 -0.930 -1.154 5.202 0
-0.888 -1.249 5.384 -0.822 -1.262 5.248 -0.930 -1.154 5.202 0
-0.888 -1.249 5.384 -0.806 -1.330 5.446 -0.822 -1.262 5.248 0
-0.806 -1.330 5.446 -0.722 -1.361 5.323 -0.822 -1.262 5.248 0
-0.806 -1.330 5.446 -0.735 -1.402 5.529 -0.722 -1.361 5.323 0
-0.735 -1.402 5.529 -0.635 -1.449 5.425 -0.722 -1.361 5.323 0
-0.735 -1.402 5.529 -0.676 -1.460 5.630 -0.635 -1.449 5.425 0
-0.676 -1.460 5.630 -0.563 -1.520 5.548 -0.635 -1.449 5.425 0
-0.676 -1.460 5.630 -0.633 -1.504 5.745 -0.563 -1.520 5.548 0
-0.633 -1.504 5.745 -0.510 -1.573 5.689 -0.563 -1.520 5.548 0
-0.633 -1.504 5.745 -0.606 -1.531 5.870 -0.510 -1.573 5.689 0
-0.606 -1.531 5.870 -0.477 -1.606 5.841 -0.510 -1.573 5.689 0
-0.606 -1.531 5.870 -0.597 -1.540 6.000 -0.477 -1.606 5.841 0
-0.597 -1.540 6.000 -0.466 -1.617 6.000 -0.477 -1.606 5.841 0
-0.466 -1.617 6.000 -0.477 -1.606 6.159 -0.353 -1.678 6.000 0
-0.477 -1.606 6.159 -0.366 -1.665 6.183 -0.353 -1.678 6.000 0
-0.477 -1.606 6.159 -0.510 -1.573 6.311 -0.366 -1.665 6.183 0
-0.510 -1.573 6.311 -0.403 -1.627 6.358 -0.366 -1.665 6.183 0
-0.510 -1.573 6.311 -0.563 -1.520 6.452 -0.403 -1.627 6.358 0
-0.563 -1.520 6.452 -0.465 -1.566 6.520 -0.403 -1.627 6.358 0
-0.563 -1.520 6.452 -0.635 -1.449 6.575 -0.465 -1.566 6.520 0
-0.635 -1.449 6.575 -0.547 -1.484 6.662 -0.465 -1.566 6.520 0
-0.635 -1.449 6.575 -0.722 -1.361 6.677 -0.547 -1.484 6.662 0
-0.722 -1.361 6.677 -0.647 -1.383 6.779 -0.547 -1.484 6.662 0
-0.722 -1.361 6.677 -0.822 -1.262 6.752 -0.647 -1.383 6.779 0
-0.822 -1.262 6.752 -0.762 -1.269 6.865 -0.647 -1.383 6.779 0
-0.822 -1.262 6.752 -0.930 -1.154 6.798 -0.762 -1.269 6.865 0
-0.930 -1.154 6.798 -0.886 -1.144 6.919 -0.762 -1.269 6.865 0
-0.930 -1.154 6.798 -1.042 -1.042 6.814 -0.886 -1.144 6.919 0
-1.042 -1.042 6.814 -1.015 -1.015 6.937 -0.886 -1.144 6.919 0
-1.042 -1.042 6.814 -1.154 -0.930 6.798 -1.015 -1.015 6.937 0
-1.154 -0.930 6.798 -1.144 -0.886 6.919 -1.015 -1.015 6.937 0
-1.154 -0.930 6.798 -1.262 -0.822 6.752 -1.144 -0.886 6.919 0
-1.262 -0.822 6.752 -1.269 -0.762 6.865 -1.144 -0.886 6.919 0
-1.262 -0.822 6.752 -1.361 -0.722 6.677 -1.269 -0.762 6.865 0
-1.361 -0.722 6.677 -1.383 -0.647 6.779 -1.269 -0.762 6.865 0
-1.361 -0.722 6.677 -1.449 -0.635 6.575 -1.383 -0.647 6.779 0
-1.449 -0.635 6.575 -1.484 -0.547 6.662 -1.383 -0.647 6.779 0
-1.449 -0.635 6.575 -1.520 -0.563 6.452 -1.484 -0.547 6.662 0
-1.520 -0.563 6.452 -1.566 -0.465 6.520 -1.484 -0.547 6.662 0
-1.520 -0.563 6.452 -1.573 -0.510 6.311 -1.566 -0.465 6.520 0
-1.573 -0.510 6.311 -1.627 -0.403 6.358 -1.566 -0.465 6.520 0
-1.573 -0.510 6.311 -1.606 -0.477 6.159 -1.627 -0.403 6.358 0
-1.606 -0.477 6.159 -1.665 -0.366 6.183 -1.627 -0.403 6.358 0
-1.606 -0.477 6.159 -1.617 -0.466 6.000 -1.665 -0.366 6.183 0
-1.617 -0.466 6.000 -1.678 -0.353 6.000 -1.665 -0.366 6.183 0
-1.617 -0.466 6.000 -1.606 -0.477 5.841 -1.678 -0.353 6.000 0
-1.606 -0.477 5.841 -1.665 -0.366 5.817 -1.678 -0.353 6.000 0
-1.606 -0.477 5.841 -1.573 -0.510 5.689 -1.665 -0.366 5.817 0
-1.573 -0.510 5.689 -1.627 -0.403 5.642 -1.665 -0.366 5.817 0
-1.573 -0.510 5.689 -1.520 -0.563 5.548 -1.627 -0.403 5.642 0
-1.520 -0.563 5.548 -1.566 -0.465 5.480 -1.627 -0.403 5.642 0
-1.520 -0.563 5.548 -1.449 -0.635 5.425 -1.566 -0.465 5.480 0
-1.449 -0.635 5.425 -1.484 -0.547 5.338 -1.566 -0.465 5.480 0
-1.449 -0.635 5.425 -1.361 -0.722 5.323 -1.484 -0.547 5.338 0
-1.361 -0.722 5.323 -1.383 -0.647 5.221 -1.484 -0.547 5.338 0
-1.361 -0.722 5.323 -1.262 -0.822 5.248 -1.383 -0.647 5.221 0
-1.262 -0.822 5.248 -1.269 -0.762 5.135 -1.383 -0.647 5.221 0
-1.262 -0.822 5.248 -1.154 -0.930 5.202 -1.269 -0.762 5.135 0
-1.154 -0.930 5.202 -1.144 -0.886 5.081 -1.269 -0.762 5.135 0
-1.154 -0.930 5.202 -1.042 -1.042 5.186 -1.144 -0.886 5.081 0
-1.042 -1.042 5.186 -1.015 -1.015 5.063 -1.144 -0.886 5.081 0
-1.042 -1.042 5.186 -0.930 -1.154 5.202 -1.015 -1.015 5.063 0
-0.930 -1.154 5.202 -0.886 -1.144 5.081 -1.015 -1.015 5.063 0
-0.930 -1.154 5.202 -0.822 -1.262 5.248 -0.886 -1.144 5.081 0
-0.822 -1.262 5.248 -0.762 -1.269 5.135 -0.886 -1.144 5.081 0
-0.822 -1.262 5.248 -0.722 -1.361 5.323 -0.762 -1.269 5.135 0
-0.722 -1.361 5.323 -0.647 -1.383 5.221 -0.762 -1.269 5.135 0
-0.722 -1.361 5.323 -0.635 -1.449 5.425 -0.647 -1.383 5.221 0
-0.635 -1.449 5.425 -0.547 -1.484 5.338 -0.647 -1.383 5.221 0
-0.635 -1.449 5.425 -0.563 -1.520 5.548 -0.547 -1.484 5.338 0
-0.563 -1.520 5.548 -0.465 -1.566 5.480 -0.547 -1.484 5.338 0
-0.563 -1.520 5.548 -0.510 -1.573 5.689 -0.465 -1.566 5.480 0
-0.510 -1.573 5.689 -0.403 -1.627 5.642 -0.465 -1.566 5.480 0
-0.510 -1.573 5.689 -0.477 -1.606 5.841 -0.403 -1.627 5.642 0
-0.477 -1.606 5.841 -0.366 -1.665 5.817 -0.403 -1.627 5.642 0
-0.477 -1.606 5.841 -0.466 -1.617 6.000 -0.366 -1.665 5.817 0
-0.466 -1.617 6.000 -0.353 -1.678 6.000 -0.366 -1.665 5.817 0
-0.353 -1.678 6.000 -0.366 -1.665 6.183 -0.251 -1.727 6.000 0
-0.366 -1.665 6.183 -0.265 -1.713 6.204 -0.251 -1.727 6.000 0
-0.366 -1.665 6.183 -0.403 -1.627 6.358 -0.265 -1.713 6.204 0
-0.403 -1.627 6.358 -0.307 -1.671 6.400 -0.265 -1.713 6.204 0
-0.403 -1.627 6.358 -0.465 -1.566 6.520 -0.307 -1.671 6.400 0
-0.465 -1.566 6.520 -0.375 -1.603 6.580 -0.307 -1.671 6.400 0
-0.465 -1.566 6.520 -0.547 -1.484 6.662 -0.375 -1.603 6.580 0
-0.547 -1.484 6.662 -0.467 -1.511 6.738 -0.375 -1.603 6.580 0
-0.547 -1.484 6.662 -0.647 -1.383 6.779 -0.467 -1.511 6.738 0
-0.647 -1.383 6.779 -0.579 -1.399 6.868 -0.467 -1.511 6.738 0
-0.647 -1.383 6.779 -0.762 -1.269 6.865 -0.579 -1.399 6.868 0
-0.762 -1.269 6.865 -0.706 -1.271 6.964 -0.579 -1.399 6.868 0
-0.762 -1.269 6.865 -0.886 -1.144 6.919 -0.706 -1.271 6.964 0
-0.886 -1.144 6.919 -0.845 -1.133 7.024 -0.706 -1.271 6.964 0
-0.886 -1.144 6.919 -1.015 -1.015 6.937 -0.845 -1.133 7.024 0
-1.015 -1.015 6.937 -0.989 -0.989 7.044 -0.845 -1.133 7.024 0
-1.015 -1.015 6.937 -1.144 -0.886 6.919 -0.989 -0.989 7.044 0
-1.144 -0.886 6.919 -1.133 -0.845 7.024 -0.989 -0.989 7.044 0
-1.144 -0.886 6.919 -1.269 -0.762 6.865 -1.133 -0.845 7.024 0
-1.269 -0.762 6.865 -1.271 -0.706 6.964 -1.133 -0.845 7.024 0
-1.269 -0.762 6.865 -1.383 -0.647 6.779 -1.271 -0.706 6.964 0
-1.383 -0.647 6.779 -1.399 -0.579 6.868 -1.271 -0.706 6.964 0
-1.383 -0.647 6.779 -1.484 -0.547 6.662 -1.399 -0.579 6.868 0
-1.484 -0.547 6.662 -1.511 -0.467 6.738 -1.399 -0.579 6.868 0
-1.484 -0.547 6.662 -1.566 -0.465 6.520 -1.511 -0.467 6.738 0
-1.566 -0.465 6.520 -1.603 -0.375 6.580 -1.511 -0.467 6.738 0
-1.566 -0.465 6.520 -1.627 -0.403 6.358 -1.603 -0.375 6.580 0
-1.627 -0.403 6.358 -1.671 -0.307 6.400 -1.603 -0.375 6.580 0
-1.627 -0.403 6.358 -1.665 -0.366 6.183 -1.671 -0.307 6.400 0
-1.665 -0.366 6.183 -1.713 -0.265 6.204 -1.671 -0.307 6.400 0
-1.665 -0.366 6.183 -1.678 -0.353 6.000 -1.713 -0.265 6.204 0
-1.678 -0.353 6.000 -1.727 -0.251 6.000 -1.713 -0.265 6.204 0
-1.678 -0.353 6.000 -1.665 -0.366 5.817 -1.727 -0.251 6.000 0
-1.665 -0.366 5.817 -1.713 -0.265 5.796 -1.727 -0.251 6.000 0
-1.665 -0.366 5.817 -1.627 -0.403 5.642 -1.713 -0.265 5.796 0
-1.627 -0.403 5.642 -1.671 -0.307 5.600 -1.713 -0.265 5.796 0
-1.627 -0.403 5.642 -1.566 -0.465 5.480 -1.671 -0.307 5.600 0
-1.566 -0.465 5.480 -1.603 -0.375 5.420 -1.671 -0.307 5.600 0
-1.566 -0.465 5.480 -1.484 -0.547 5.338 -1.603 -0.375 5.420 0
-1.484 -0.547 5.338 -1.511 -0.467 5.262 -1.603 -0.375 5.420 0
-1.484 -0.547 5.338 -1.383 -0.647 5.221 -1.511 -0.467 5.262 0
-1.383 -0.647 5.221 -1.399 -0.579 5.132 -1.511 -0.467 5.262 0
-1.383 -0.647 5.221 -1.269 -0.762 5.135 -1.399 -0.579 5.132 0
-1.269 -0.762 5.135 -1.271 -0.706 5.036 -1.399 -0.579 5.132 0
-1.269 -0.762 5.135 -1.144 -0.886 5.081 -1.271 -0.706 5.036 0
-1.144 -0.886 5.081 -1.133 -0.845 4.976 -1.271 -0.706 5.036 0
-1.144 -0.886 5.081 -1.015 -1.015 5.063 -1.133 -0.845 4.976 0
-1.015 -1.015 5.063 -0.989 -0.989 4.956 -1.133 -0.845 4.976 0
-1.015 -1.015 5.063 -0.886 -1.144 5.081 -0.989 -0.989 4.956 0
-0.886 -1.144 5.081 -0.845 -1.133 4.976 -0.989 -0.989 4.956 0
-0.886 -1.144 5.081 -0.762 -1.269 5.135 -0.845 -1.133 4.976 0
-0.762 -1.269 5.135 -0.706 -1.271 5.036 -0.845 -1.133 4.976 0
-0.762 -1.269 5.135 -0.647 -1.383 5.221 -0.706 -1.271 5.036 0
-0.647 -1.383 5.221 -0.579 -1.399 5.132 -0.706 -1.271 5.036 0
-0.647 -1.383 5.221 -0.547 -1.484 5.338 -0.579 -1.399 5.132 0
-0.547 -1.484 5.338 -0.467 -1.511 5.262 -0.579 -1.399 5.132 0
-0.547 -1.484 5.338 -0.465 -1.566 5.480 -0.467 -1.511 5.262 0
-0.465 -1.566 5.480 -0.375 -1.603 5.420 -0.467 -1.511 5.262 0
-0.465 -1.566 5.480 -0.403 -1.627 5.642 -0.375 -1.603 5.420 0
-0.403 -1.627 5.642 -0.307 -1.671 5.600 -0.375 -1.603 5.420 0
-0.403 -1.627 5.642 -0.366 -1.665 5.817 -0.307 -1.671 5.600 0
-0.366 -1.665 5.817 -0.265 -1.713 5.796 -0.307 -1.671 5.600 0
-0.366 -1.665 5.817 -0.353 -1.678 6.000 -0.265 -1.713 5.796 0
-0.353 -1.678 6.000 -0.251 -1.727 6.000 -0.265 -1.713 5.796 0
-0.251 -1.727 6.000 -0.265 -1.713 6.204 -0.156 -1.768 6.000 0
-0.265 -1.713 6.204 -0.172 -1.753 6.222 -0.156 -1.768 6.000 0
-0.265 -1.713 6.204 -0.307 -1.671 6.400 -0.172 -1.753 6.222 0
-0.307 -1.671 6.400 -0.218 -1.707 6.436 -0.172 -1.753 6.222 0
-0.307 -1.671 6.400 -0.375 -1.603 6.580 -0.218 -1.707 6.436 0
-0.375 -1.603 6.580 -0.292 -1.632 6.633 -0.218 -1.707 6.436 0
-0.375 -1.603 6.580 -0.467 -1.511 6.738 -0.292 -1.632 6.633 0
-0.467 -1.511 6.738 -0.392 -1.532 6.806 -0.292 -1.632 6.633 0
-0.467 -1.511 6.738 -0.579 -1.399 6.868 -0.392 -1.532 6.806 0
-0.579 -1.399 6.868 -0.514 -1.410 6.948 -0.392 -1.532 6.806 0
-0.579 -1.399 6.868 -0.706 -1.271 6.964 -0.514 -1.410 6.948 0
-0.706 -1.271 6.964 -0.654 -1.271 7.053 -0.514 -1.410 6.948 0
-0.706 -1.271 6.964 -0.845 -1.133 7.024 -0.654 -1.271 7.053 0
-0.845 -1.133 7.024 -0.805 -1.119 7.118 -0.654 -1.271 7.053 0
-0.845 -1.133 7.024 -0.989 -0.989 7.044 -0.805 -1.119 7.118 0
-0.989 -0.989 7.044 -0.962 -0.962 7.140 -0.805 -1.119 7.118 0
-0.989 -0.989 7.044 -1.133 -0.845 7.024 -0.962 -0.962 7.140 0
-1.133 -0.845 7.024 -1.119 -0.805 7.118 -0.962 -0.962 7.140 0
-1.133 -0.845 7.024 -1.271 -0.706 6.964 -1.119 -0.805 7.118 0
-1.271 -0.706 6.964 -1.271 -0.654 7.053 -1.119 -0.805 7.118 0
-1.271 -0.706 6.964 -1.399 -0.579 6.868 -1.271 -0.654 7.053 0
-1.399 -0.579 6.868 -1.410 -0.514 6.948 -1.271 -0.654 7.053 0
-1.399 -0.579 6.868 -1.511 -0.467 6.738 -1.410 -0.514 6.948 0
-1.511 -0.467 6.738 -1.532 -0.392 6.806 -1.410 -0.514 6.948 0
-1.511 -0.467 6.738 -1.603 -0.375 6.580 -1.532 -0.392 6.806 0
-1.603 -0.375 6.580 -1.632 -0.292 6.633 -1.532 -0.392 6.806 0
-1.603 -0.375 6.580 -1.671 -0.307 6.400 -1.632 -0.292 6.633 0
-1.671 -0.307 6.400 -1.707 -0.218 6.436 -1.632 -0.292 6.633 0
-1.671 -0.307 6.400 -1.713 -0.265 6.204 -1.707 -0.218 6.436 0
-1.713 -0.265 6.204 -1.753 -0.172 6.222 -1.707 -0.218 6.436 0
-1.713 -0.265 6.204 -1.727 -0.251 6.000 -1.753 -0.172 6.222 0
-1.727 -0.251 6.000 -1.768 -0.156 6.000 -1.753 -0.172 6.222 0
-1.727 -0.251 6.000 -1.713 -0.265 5.796 -1.768 -0.156 6.000 0
-1.713 -0.265 5.796 -1.753 -0.172 5.778 -1.768 -0.156 6.000 0
-1.713 -0.265 5.796 -1.671 -0.307 5.600 -1.753 -0.172 5.778 0
-1.671 -0.307 5.600 -1.707 -0.218 5.564 -1.753 -0.172 5.778 0
-1.671 -0.307 5.600 -1.603 -0.375 5.420 -1.707 -0.218 5.564 0
-1.603 -0.375 5.420 -1.632 -0.292 5.367 -1.707 -0.218 5.564 0
-1.603 -0.375 5.420 -1.511 -0.467 5.262 -1.632 -0.292 5.367 0
-1.511 -0.467 5.262 -1.532 -0.392 5.194 -1.632 -0.292 5.367 0
-1.511 -0.467 5.262 -1.399 -0.579 5.132 -1.532 -0.392 5.194 0
-1.399 -0.579 5.132 -1.410 -0.514 5.052 -1.532 -0.392 5.194 0
-1.399 -0.579 5.132 -1.271 -0.706 5.036 -1.410 -0.514 5.052 0
-1.271 -0.706 5.036 -1.271 -0.654 4.947 -1.410 -0.514 5.052 0
-1.271 -0.706 5.036 -1.133 -0.845 4.976 -1.271 -0.654 4.947 0
-1.133 -0.845 4.976 -1.119 -0.805 4.882 -1.271 -0.654 4.947 0
-1.133 -0.845 4.976 -0.989 -0.989 4.956 -1.119 -0.805 4.882 0
-0.989 -0.989 4.956 -0.962 -0.962 4.860 -1.119 -0.805 4.882 0
-0.989 -0.989 4.956 -0.845 -1.133 4.976 -0.962 -0.962 4.860 0
-0.845 -1.133 4.976 -0.805 -1.119 4.882 -0.962 -0.962 4.860 0
-0.845 -1.133 4.976 -0.706 -1.271 5.036 -0.805 -1.119 4.882 0
-0.706 -1.271 5.036 -0.654 -1.271 4.947 -0.805 -1.119 4.882 0
-0.706 -1.271 5.036 -0.579 -1.399 5.132 -0.654 -1.271 4.947 0
-0.579 -1.399 5.132 -0.514 -1.410 5.052 -0.654 -1.271 4.947 0
-0.579 -1.399 5.132 -0.467 -1.511 5.262 -0.514 -1.410 5.052 0
-0.467 -1.511 5.262 -0.392 -1.532 5.194 -0.514 -1.410 5.052 0
-0.467 -1.511 5.262 -0.375 -1.603 5.420 -0.392 -1.532 5.194 0
-0.375 -1.603 5.420 -0.292 -1.632 5.367 -0.392 -1.532 5.194 0
-0.375 -1.603 5.420 -0.307 -1.671 5.600 -0.292 -1.632 5.367 0
-0.307 -1.671 5.600 -0.218 -1.707 5.564 -0.292 -1.632 5.367 0
-0.307 -1.671 5.600 -0.265 -1.713 5.796 -0.218 -1.707 5.564 0
-0.265 -1.713 5.796 -0.172 -1.753 5.778 -0.218 -1.707 5.564 0
-0.265 -1.713 5.796 -0.251 -1.727 6.000 -0.172 -1.753 5.778 0
-0.251 -1.727 6.000 -0.156 -1.768 6.000 -0.172 -1.753 5.778 0
-0.156 -1.768 6.000 -0.172 -1.753 6.222 -0.068 -1.803 6.000 0
-0.172 -1.753 6.222 -0.085 -1.787 6.239 -0.068 -1.803 6.000 0
-0.172 -1.753 6.222 -0.218 -1.707 6.436 -0.085 -1.787 6.239 0
-0.218 -1.707 6.436 -0.134 -1.737 6.470 -0.085 -1.787 6.239 0
-0.218 -1.707 6.436 -0.292 -1.632 6.633 -0.134 -1.737 6.470 0
-0.292 -1.632 6.633 -0.214 -1.657 6.682 -0.134 -1.737 6.470 0
-0.292 -1.632 6.633 -0.392 -1.532 6.806 -0.214 -1.657 6.682 0
-0.392 -1.532 6.806 -0.322 -1.549 6.868 -0.214 -1.657 6.682 0
-0.392 -1.532 6.806 -0.514 -1.410 6.948 -0.322 -1.549 6.868 0
-0.514 -1.410 6.948 -0.454 -1.418 7.020 -0.322 -1.549 6.868 0
-0.514 -1.410 6.948 -0.654 -1.271 7.053 -0.454 -1.418 7.020 0
-0.654 -1.271 7.053 -0.604 -1.268 7.134 -0.454 -1.418 7.020 0
-0.654 -1.271 7.053 -0.805 -1.119 7.118 -0.604 -1.268 7.134 0
-0.805 -1.119 7.118 -0.766 -1.105 7.204 -0.604 -1.268 7.134 0
-0.805 -1.119 7.118 -0.962 -0.962 7.140 -0.766 -1.105 7.204 0
-0.962 -0.962 7.140 -0.936 -0.936 7.227 -0.766 -1.105 7.204 0
-0.962 -0.962 7.140 -1.119 -0.805 7.118 -0.936 -0.936 7.227 0
-1.119 -0.805 7.118 -1.105 -0.766 7.204 -0.936 -0.936 7.227 0
-1.119 -0.805 7.118 -1.271 -0.654 7.053 -1.105 -0.766 7.204 0
-1.271 -0.654 7.053 -1.268 -0.604 7.134 -1.105 -0.766 7.204 0
-1.271 -0.654 7.053 -1.410 -0.514 6.948 -1.268 -0.604 7.134 0
-1.410 -0.514 6.948 -1.418 -0.454 7.020 -1.268 -0.604 7.134 0
-1.410 -0.514 6.948 -1.532 -0.392 6.806 -1.418 -0.454 7.020 0
-1.532 -0.392 6.806 -1.549 -0.322 6.868 -1.418 -0.454 7.020 0
-1.532 -0.392 6.806 -1.632 -0.292 6.633 -1.549 -0.322 6.868 0
-1.632 -0.292 6.633 -1.657 -0.214 6.682 -1.549 -0.322 6.868 0
-1.632 -0.292 6.633 -1.707 -0.218 6.436 -1.657 -0.214 6.682 0
-1.707 -0.218 6.436 -1.737 -0.134 6.470 -1.657 -0.214 6.682 0
-1.707 -0.218 6.436 -1.753 -0.172 6.222 -1.737 -0.134 6.470 0
-1.753 -0.172 6.222 -1.787 -0.085 6.239 -1.737 -0.134 6.470 0
-1.753 -0.172 6.222 -1.768 -0.156 6.000 -1.787 -0.085 6.239 0
-1.768 -0.156 6.000 -1.803 -0.068 6.000 -1.787 -0.085 6.239 0
-1.768 -0.156 6.000 -1.753 -0.172 5.778 -1.803 -0.068 6.000 0
-1.753 -0.172 5.778 -1.787 -0.085 5.761 -1.803 -0.068 6.000 0
-1.753 -0.172 5.778 -1.707 -0.218 5.564 -1.787 -0.085 5.761 0
-1.707 -0.218 5.564 -1.737 -0.134 5.530 -1.787 -0.085 5.761 0
-1.707 -0.218 5.564 -1.632 -0.292 5.367 -1.737 -0.134 5.530 0
-1.632 -0.292 5.367 -1.657 -0.214 5.318 -1.737 -0.134 5.530 0
-1.632 -0.292 5.367 -1.532 -0.392 5.194 -1.657 -0.214 5.318 0
-1.532 -0.392 5.194 -1.549 -0.322 5.132 -1.657 -0.214 5.318 0
-1.532 -0.392 5.194 -1.410 -0.514 5.052 -1.549 -0.322 5.132 0
-1.410 -0.514 5.052 -1.418 -0.454 4.980 -1.549 -0.322 5.132 0
-1.410 -0.514 5.052 -1.271 -0.654 4.947 -1.418 -0.454 4.980 0
-1.271 -0.654 4.947 -1.268 -0.604 4.866 -1.418 -0.454 4.980 0
-1.271 -0.654 4.947 -1.119 -0.805 4.882 -1.268 -0.604 4.866 0
-1.119 -0.805 4.882 -1.105 -0.766 4.796 -1.268 -0.604 4.866 0
-1.119 -0.805 4.882 -0.962 -0.962 4.860 -1.105 -0.766 4.796 0
-0.962 -0.962 4.860 -0.936 -0.936 4.773 -1.105 -0.766 4.796 0
-0.962 -0.962 4.860 -0.805 -1.119 4.882 -0.936 -0.936 4.773 0
-0.805 -1.119 4.882 -0.766 -1.105 4.796 -0.936 -0.936 4.773 0
-0.805 -1.119 4.882 -0.654 -1.271 4.947 -0.766 -1.105 4.796 0
-0.654 -1.271 4.947 -0.604 -1.268 4.866 -0.766 -1.105 4.796 0
-0.654 -1.271 4.947 -0.514 -1.410 5.052 -0.604 -1.268 4.866 0
-0.514 -1.410 5.052 -0.454 -1.418 4.980 -0.604 -1.268 4.866 0
-0.514 -1.410 5.052 -0.392 -1.532 5.194 -0.454 -1.418 4.980 0
-0.392 -1.532 5.194 -0.322 -1.549 5.132 -0.454 -1.418 4.980 0
-0.392 -1.532 5.194 -0.292 -1.632 5.367 -0.322 -1.549 5.132 0
-0.292 -1.632 5.367 -0.214 -1.657 5.318 -0.322 -1.549 5.132 0
-0.292 -1.632 5.367 -0.218 -1.707 5.564 -0.214 -1.657 5.318 0
-0.218 -1.707 5.564 -0.134 -1.737 5.530 -0.214 -1.657 5.318 0
-0.218 -1.707 5.564 -0.172 -1.753 5.778 -0.134 -1.737 5.530 0
-0.172 -1.753 5.778 -0.085 -1.787 5.761 -0.134 -1.737 5.530 0
-0.172 -1.753 5.778 -0.156 -1.768 6.000 -0.085 -1.787 5.761 0
-0.156 -1.768 6.000 -0.068 -1.803 6.000 -0.085 -1.787 5.761 0
-0.068 -1.803 6.000 -0.085 -1.787 6.239 -1.121 -1.121 6.000 0
-0.085 -1.787 6.239 -1.121 -1.121 6.000 -1.121 -1.121 6.000 0
-0.085 -1.787 6.239 -0.134 -1.737 6.470 -1.121 -1.121 6.000 0
-0.134 -1.737 6.470 -1.121 -1.121 6.000 -1.121 -1.121 6.000 0
-0.134 -1.737 6.470 -0.214 -1.657 6.682 -1.121 -1.121 6.000 0
-0.214 -1.657 6.682 -1.121 -1.121 6.000 -1.121 -1.121 6.000 0
-0.214 -1.657 6.682 -0.322 -1.549 6.868 -1.121 -1.121 6.000 0
-0.322 -1.549 6.868 -1.121 -1.121 6.000 -1.121 -1.121 6.000 0
-0.322 -1.549 6.868 -0.454 -1.418 7.020 -1.121 -1.121 6.000 0
-0.454 -1.418 7.020 -1.121 -1.121 6.000 -1.121 -1.121 6.000 0
-0.454 -1.418 7.020 -0.604 -1.268 7.134 -1.121 -1.121 6.000 0
-0.604 -1.268 7.134 -1.121 -1.121 6.000 -1.121 -1.121 6.000 0
-0.604 -1.268 7.134 -0.766 -1.105 7.204 -1.121 -1.121 6.000 0
-0.766 -1.105 7.204 -1.121 -1.121 6.000 -1.121 -1.121 6.000 0
-0.766 -1.105 7.204 -0.936 -0.936 7.227 -1.121 -1.121 6.000 0
-0.936 -0.936 7.227 -1.121 -1.121 6.000 -1.121 -1.121 6.000 0
-0.936 -0.936 7.227 -1.105 -0.766 7.204 -1.121 -1.121 6.000 0
-1.105 -0.766 7.204 -1.121 -1.121 6.000 -1.121 -1.121 6.000 0
-1.105 -0.766 7.204 -1.268 -0.604 7.134 -1.121 -1.121 6.000 0
-1.268 -0.604 7.134 -1.121 -1.121 6.000 -1.121 -1.121 6.000 0
-1.268 -0.604 7.134 -1.418 -0.454 7.020 -1.121 -1.121 6.000 0
-1.418 -0.454 7.020 -1.121 -1.121 6.000 -1.121 -1.121 6.000 0
-1.418 -0.454 7.020 -1.549 -0.322 6.868 -1.121 -1.121 6.000 0
-1.549 -0.322 6.868 -1.121 -1.121 6.000 -1.121 -1.121 6.000 0
-1.549 -0.322 6.868 -1.657 -0.214 6.682 -1.121 -1.121 6.000 0
-1.657 -0.214 6.682 -1.121 -1.121 6.000 -1.121 -1.121 6.000 0
-1.657 -0.214 6.682 -1.737 -0.134 6.470 -1.121 -1.121 6.000 0
-1.737 -0.134 6.470 -1.121 -1.121 6.000 -1.121 -1.121 6.000 0
-1.737 -0.134 6.470 -1.787 -0.085 6.239 -1.121 -1.121 6.000 0
-1.787 -0.085 6.239 -1.121 -1.121 6.000 -1.121 -1.121 6.000 0
-1.787 -0.085 6.239 -1.803 -0.068 6.000 -1.121 -1.121 6.000 0
-1.803 -0.068 6.000 -1.121 -1.121 6.000 -1.121 -1.121 6.000 0
-1.803 -0.068 6.000 -1.787 -0.085 5.761 -1.121 -1.121 6.000 0
-1.787 -0.085 5.761 -1.121 -1.121 6.000 -1.121 -1.121 6.000 0
-1.787 -0.085 5.761 -1.737 -0.134 5.530 -1.121 -1.121 6.000 0
-1.737 -0.134 5.530 -1.121 -1.121 6.000 -1.121 -1.121 6.000 0
-1.737 -0.134 5.530 -1.657 -0.214 5.318 -1.121 -1.121 6.000 0
-1.657 -0.214 5.318 -1.121 -1.121 6.000 -1.121 -1.121 6.000 0
-1.657 -0.214 5.318 -1.549 -0.322 5.132 -1.121 -1.121 6.000 0
-1.549 -0.322 5.132 -1.121 -1.121 6.000 -1.121 -1.121 6.000 0
-1.549 -0.322 5.132 -1.418 -0.454 4.980 -1.121 -1.121 6.000 0
-1.418 -0.454 4.980 -1.121 -1.121 6.000 -1.121 -1.121 6.000 0
-1.418 -0.454 4.980 -1.268 -0.604 4.866 -1.121 -1.121 6.000 0
-1.268 -0.604 4.866 -1.121 -1.121 6.000 -1.121 -1.121 6.000 0
-1.268 -0.604 4.866 -1.105 -0.766 4.796 -1.121 -1.121 6.000 0
-1.105 -0.766 4.796 -1.121 -1.121 6.000 -1.121 -1.121 6.000 0
-1.105 -0.766 4.796 -0.936 -0.936 4.773 -1.121 -1.121 6.000 0
-0.936 -0.936 4.773 -1.121 -1.121 6.000 -1.121 -1.121 6.000 0
-0.936 -0.936 4.773 -0.766 -1.105 4.796 -1.121 -1.121 6.000 0
-0.766 -1.105 4.796 -1.121 -1.121 6.000 -1.121 -1.121 6.000 0
-0.766 -1.105 4.796 -0.604 -1.268 4.866 -1.121 -1.121 6.000 0
-0.604 -1.268 4.866 -1.121 -1.121 6.000 -1.121 -1.121 6.000 0
-0.604 -1.268 4.866 -0.454 -1.418 4.980 -1.121 -1.121 6.000 0
-0.454 -1.418 4.980 -1.121 -1.121 6.000 -1.121 -1.121 6.000 0
-0.454 -1.418 4.980 -0.322 -1.549 5.132 -1.121 -1.121 6.000 0
-0.322 -1.549 5.132 -1.121 -1.121 6.000 -1.121 -1.121 6.000 0
-0.322 -1.549 5.132 -0.214 -1.657 5.318 -1.121 -1.121 6.000 0
-0.214 -1.657 5.318 -1.121 -1.121 6.000 -1.121 -1.121 6.000 0
-0.214 -1.657 5.318 -0.134 -1.737 5.530 -1.121 -1.121 6.000 0
-0.134 -1.737 5.530 -1.121 -1.121 6.000 -1.121 -1.121 6.000 0
-0.134 -1.737 5.530 -0.085 -1.787 5.761 -1.121 -1.121 6.000 0
-0.085 -1.787 5.761 -1.121 -1.121 6.000 -1.121 -1.121 6.000 0
-0.085 -1.787 5.761 -0.068 -1.803 6.000 -1.121 -1.121 6.000 0
-0.068 -1.803 6.000 -1.121 -1.121 6.000 -1.121 -1.121 6.000 0
1.121 0.121 6.000 0.760 0.429 6.000 0.767 0.423 6.092 0
1.121 0.121 6.000 0.767 0.423 6.092 0.786 0.404 6.181 0
1.121 0.121 6.000 0.786 0.404 6.181 0.817 0.373 6.263 0
1.121 0.121 6.000 0.817 0.373 6.263 0.858 0.331 6.334 0
1.121 0.121 6.000 0.858 0.331 6.334 0.909 0.281 6.393 0
1.121 0.121 6.000 0.909 0.281 6.393 0.967 0.223 6.437 0
1.121 0.121 6.000 0.967 0.223 6.437 1.030 0.160 6.464 0
1.121 0.121 6.000 1.030 0.160 6.464 1.095 0.095 6.473 0
1.121 0.121 6.000 1.095 0.095 6.473 1.160 0.030 6.464 0
1.121 0.121 6.000 1.160 0.030 6.464 1.223 -0.033 6.437 0
1.121 0.121 6.000 1.223 -0.033 6.437 1.281 -0.091 6.393 0
1.121 0.121 6.000 1.281 -0.091 6.393 1.331 -0.142 6.334 0
1.121 0.121 6.000 1.331 -0.142 6.334 1.373 -0.183 6.263 0
1.121 0.121 6.000 1.373 -0.183 6.263 1.404 -0.214 6.181 0
1.121 0.121 6.000 1.404 -0.214 6.181 1.423 -0.233 6.092 0
1.121 0.121 6.000 1.423 -0.233 6.092 1.429 -0.240 6.000 0
1.121 0.121 6.000 1.429 -0.240 6.000 1.423 -0.233 5.908 0
1.121 0.121 6.000 1.423 -0.233 5.908 1.404 -0.214 5.819 0
1.121 0.121 6.000 1.404 -0.214 5.819 1.373 -0.183 5.737 0
1.121 0.121 6.000 1.373 -0.183 5.737 1.331 -0.142 5.666 0
1.121 0.121 6.000 1.331 -0.142 5.666 1.281 -0.091 5.607 0
1.121 0.121 6.000 1.281 -0.091 5.607 1.223 -0.033 5.563 0
1.121 0.121 6.000 1.223 -0.033 5.563 1.160 0.030 5.536 0
1.121 0.121 6.000 1.160 0.030 5.536 1.095 0.095 5.527 0
1.121 0.121 6.000 1.095 0.095 5.527 1.030 0.160 5.536 0
1.121 0.121 6.000 1.030 0.160 5.536 0.967 0.223 5.563 0
1.121 0.121 6.000 0.967 0.223 5.563 0.909 0.281 5.607 0
1.121 0.121 6.000 0.909 0.281 5.607 0.858 0.331 5.666 0
1.121 0.121 6.000 0.858 0.331 5.666 0.817 0.373 5.737 0
1.121 0.121 6.000 0.817 0.373 5.737 0.786 0.404 5.819 0
1.121 0.121 6.000 0.786 0.404 5.819 0.767 0.423 5.908 0
1.121 0.121 6.000 0.767 0.423 5.908 0.760 0.429 6.000 0
0.760 0.429 6.000 0.767 0.423 6.092 0.597 0.540 6.000 0
0.767 0.423 6.092 0.606 0.531 6.130 0.597 0.540 6.000 0
0.767 0.423 6.092 0.786 0.404 6.181 0.606 0.531 6.130 0
0.786 0.404 6.181 0.633 0.504 6.255 0.606 0.531 6.130 0
0.786 0.404 6.181 0.817 0.373 6.263 0.633 0.504 6.255 0
0.817 0.373 6.263 0.676 0.460 6.370 0.633 0.504 6.255 0
0.817 0.373 6.263 0.858 0.331 6.334 0.676 0.460 6.370 0
0.858 0.331 6.334 0.735 0.402 6.471 0.676 0.460 6.370 0
0.858 0.331 6.334 0.909 0.281 6.393 0.735 0.402 6.471 0
0.909 0.281 6.393 0.806 0.330 6.554 0.735 0.402 6.471 0
0.909 0.281 6.393 0.967 0.223 6.437 0.806 0.330 6.554 0
0.967 0.223 6.437 0.888 0.249 6.616 0.806 0.330 6.554 0
0.967 0.223 6.437 1.030 0.160 6.464 0.888 0.249 6.616 0
1.030 0.160 6.464 0.976 0.160 6.654 0.888 0.249 6.616 0
1.030 0.160 6.464 1.095 0.095 6.473 0.976 0.160 6.654 0
1.095 0.095 6.473 1.068 0.068 6.667 0.976 0.160 6.654 0
1.095 0.095 6.473 1.160 0.030 6.464 1.068 0.068 6.667 0
1.160 0.030 6.464 1.160 -0.024 6.654 1.068 0.068 6.667 0
1.160 0.030 6.464 1.223 -0.033 6.437 1.160 -0.024 6.654 0
1.223 -0.033 6.437 1.249 -0.112 6.616 1.160 -0.024 6.654 0
1.223 -0.033 6.437 1.281 -0.091 6.393 1.249 -0.112 6.616 0
1.281 -0.091 6.393 1.330 -0.194 6.554 1.249 -0.112 6.616 0
1.281 -0.091 6.393 1.331 -0.142 6.334 1.330 -0.194 6.554 0
1.331 -0.142 6.334 1.402 -0.265 6.471 1.330 -0.194 6.554 0
1.331 -0.142 6.334 1.373 -0.183 6.263 1.402 -0.265 6.471 0
1.373 -0.183 6.263 1.460 -0.324 6.370 1.402 -0.265 6.471 0
1.373 -0.183 6.263 1.404 -0.214 6.181 1.460 -0.324 6.370 0
1.404 -0.214 6.181 1.504 -0.367 6.255 1.460 -0.324 6.370 0
1.404 -0.214 6.181 1.423 -0.233 6.092 1.504 -0.367 6.255 0
1.423 -0.233 6.092 1.531 -0.394 6.130 1.504 -0.367 6.255 0
1.423 -0.233 6.092 1.429 -0.240 6.000 1.531 -0.394 6.130 0
1.429 -0.240 6.000 1.540 -0.403 6.000 1.531 -0.394 6.130 0
1.429 -0.240 6.000 1.423 -0.233 5.908 1.540 -0.403 6.000 0
1.423 -0.233 5.908 1.531 -0.394 5.870 1.540 -0.403 6.000 0
1.423 -0.233 5.908 1.404 -0.214 5.819 1.531 -0.394 5.870 0
1.404 -0.214 5.819 1.504 -0.367 5.745 1.531 -0.394 5.870 0
1.404 -0.214 5.819 1.373 -0.183 5.737 1.504 -0.367 5.745 0
1.373 -0.183 5.737 1.460 -0.324 5.630 1.504 -0.367 5.745 0
1.373 -0.183 5.737 1.331 -0.142 5.666 1.460 -0.324 5.630 0
1.331 -0.142 5.666 1.402 -0.265 5.529 1.460 -0.324 5.630 0
1.331 -0.142 5.666 1.281 -0.091 5.607 1.402 -0.265 5.529 0
1.281 -0.091 5.607 1.330 -0.194 5.446 1.402 -0.265 5.529 0
1.281 -0.091 5.607 1.223 -0.033 5.563 1.330 -0.194 5.446 0
1.223 -0.033 5.563 1.249 -0.112 5.384 1.330 -0.194 5.446 0
1.223 -0.033 5.563 1.160 0.030 5.536 1.249 -0.112 5.384 0
1.160 0.030 5.536 1.160 -0.024 5.346 1.249 -0.112 5.384 0
1.160 0.030 5.536 1.095 0.095 5.527 1.160 -0.024 5.346 0
1.095 0.095 5.527 1.068 0.068 5.333 1.160 -0.024 5.346 0
1.095 0.095 5.527 1.030 0.160 5.536 1.068 0.068 5.333 0
1.030 0.160 5.536 0.976 0.160 5.346 1.068 0.068 5.333 0
1.030 0.160 5.536 0.967 0.223 5.563 0.976 0.160 5.346 0
0.967 0.223 5.563 0.888 0.249 5.384 0.976 0.160 5.346 0
0.967 0.223 5.563 0.909 0.281 5.607 0.888 0.249 5.384 0
0.909 0.281 5.607 0.806 0.330 5.446 0.888 0.249 5.384 0
0.909 0.281 5.607 0.858 0.331 5.666 0.806 0.330 5.446 0
0.858 0.331 5.666 0.735 0.402 5.529 0.806 0.330 5.446 0
0.858 0.331 5.666 0.817 0.373 5.737 0.735 0.402 5.529 0
0.817 0.373 5.737 0.676 0.460 5.630 0.735 0.402 5.529 0
0.817 0.373 5.737 0.786 0.404 5.819 0.676 0.460 5.630 0
0.786 0.404 5.819 0.633 0.504 5.745 0.676 0.460 5.630 0
0.786 0.404 5.819 0.767 0.423 5.908 0.633 0.504 5.745 0
0.767 0.423 5.908 0.606 0.531 5.870 0.633 0.504 5.745 0
0.767 0.423 5.908 0.760 0.429 6.000 0.606 0.531 5.870 0
0.760 0.429 6.000 0.597 0.540 6.000 0.606 0.531 5.870 0
0.597 0.540 6.000 0.606 0.531 6.130 0.466 0.617 6.000 0
0.606 0.531 6.130 0.477 0.606 6.159 0.466 0.617 6.000 0
0.606 0.531 6.130 0.633 0.504 6.255 0.477 0.606 6.159 0
0.633 0.504 6.255 0.510 0.573 6.311 0.477 0.606 6.159 0
0.633 0.504 6.255 0.676 0.460 6.370 0.510 0.573 6.311 0
0.676 0.460 6.370 0.563 0.520 6.452 0.510 0.573 6.311 0
0.676 0.460 6.370 0.735 0.402 6.471 0.563 0.520 6.452 0
0.735 0.402 6.471 0.635 0.449 6.575 0.563 0.520 6.452 0
0.735 0.402 6.471 0.806 0.330 6.554 0.635 0.449 6.575 0
0.806 0.330 6.554 0.722 0.361 6.677 0.635 0.449 6.575 0
0.806 0.330 6.554 0.888 0.249 6.616 0.722 0.361 6.677 0
0.888 0.249 6.616 0.822 0.262 6.752 0.722 0.361 6.677 0
0.888 0.249 6.616 0.976 0.160 6.654 0.822 0.262 6.752 0
0.976 0.160 6.654 0.930 0.154 6.798 0.822 0.262 6.752 0
0.976 0.160 6.654 1.068 0.068 6.667 0.930 0.154 6.798 0
1.068 0.068 6.667 1.042 0.042 6.814 0.930 0.154 6.798 0
1.068 0.068 6.667 1.160 -0.024 6.654 1.042 0.042 6.814 0
1.160 -0.024 6.654 1.154 -0.070 6.798 1.042 0.042 6.814 0
1.160 -0.024 6.654 1.249 -0.112 6.616 1.154 -0.070 6.798 0
1.249 -0.112 6.616 1.262 -0.178 6.752 1.154 -0.070 6.798 0
1.249 -0.112 6.616 1.330 -0.194 6.554 1.262 -0.178 6.752 0
1.330 -0.194 6.554 1.361 -0.278 6.677 1.262 -0.178 6.752 0
1.330 -0.194 6.554 1.402 -0.265 6.471 1.361 -0.278 6.677 0
1.402 -0.265 6.471 1.449 -0.365 6.575 1.361 -0.278 6.677 0
1.402 -0.265 6.471 1.460 -0.324 6.370 1.449 -0.365 6.575 0
1.460 -0.324 6.370 1.520 -0.437 6.452 1.449 -0.365 6.575 0
1.460 -0.324 6.370 1.504 -0.367 6.255 1.520 -0.437 6.452 0
1.504 -0.367 6.255 1.573 -0.490 6.311 1.520 -0.437 6.452 0
1.504 -0.367 6.255 1.531 -0.394 6.130 1.573 -0.490 6.311 0
1.531 -0.394 6.130 1.606 -0.523 6.159 1.573 -0.490 6.311 0
1.531 -0.394 6.130 1.540 -0.403 6.000 1.606 -0.523 6.159 0
1.540 -0.403 6.000 1.617 -0.534 6.000 1.606 -0.523 6.159 0
1.540 -0.403 6.000 1.531 -0.394 5.870 1.617 -0.534 6.000 0
1.531 -0.394 5.870 1.606 -0.523 5.841 1.617 -0.534 6.000 0
1.531 -0.394 5.870 1.504 -0.367 5.745 1.606 -0.523 5.841 0
1.504 -0.367 5.745 1.573 -0.490 5.689 1.606 -0.523 5.841 0
1.504 -0.367 5.745 1.460 -0.324 5.630 1.573 -0.490 5.689 0
1.460 -0.324 5.630 1.520 -0.437 5.548 1.573 -0.490 5.689 0
1.460 -0.324 5.630 1.402 -0.265 5.529 1.520 -0.437 5.548 0
1.402 -0.265 5.529 1.449 -0.365 5.425 1.520 -0.437 5.548 0
1.402 -0.265 5.529 1.330 -0.194 5.446 1.449 -0.365 5.425 0
1.330 -0.194 5.446 1.361 -0.278 5.323 1.449 -0.365 5.425 0
1.330 -0.194 5.446 1.249 -0.112 5.384 1.361 -0.278 5.323 0
1.249 -0.112 5.384 1.262 -0.178 5.248 1.361 -0.278 5.323 0
1.249 -0.112 5.384 1.160 -0.024 5.346 1.262 -0.178 5.248 0
1.160 -0.024 5.346 1.154 -0.070 5.202 1.262 -0.178 5.248 0
1.160 -0.024 5.346 1.068 0.068 5.333 1.154 -0.070 5.202 0
1.068 0.068 5.333 1.042 0.042 5.186 1.154 -0.070 5.202 0
1.068 0.068 5.333 0.976 0.160 5.346 1.042 0.042 5.186 0
0.976 0.160 5.346 0.930 0.154 5.202 1.042 0.042 5.186 0
0.976 0.160 5.346 0.888 0.249 5.384 0.930 0.154 5.202 0
0.888 0.249 5.384 0.822 0.262 5.248 0.930 0.154 5.202 0
0.888 0.249 5.384 0.806 0.330 5.446 0.822 0.262 5.248 0
0.806 0.330 5.446 0.722 0.361 5.323 0.822 0.262 5.248 0
0.806 0.330 5.446 0.735 0.402 5.529 0.722 0.361 5.323 0
0.735 0.402 5.529 0.635 0.449 5.425 0.722 0.361 5.323 0
0.735 0.402 5.529 0.676 0.460 5.630 0.635 0.449 5.425 0
0.676 0.460 5.630 0.563 0.520 5.548 0.635 0.449 5.425 0
0.676 0.460 5.630 0.633 0.504 5.745 0.563 0.520 5.548 0
0.633 0.504 5.745 0.510 0.573 5.689 0.563 0.520 5.548 0
0.633 0.504 5.745 0.606 0.531 5.870 0.510 0.573 5.689 0
0.606 0.531 5.870 0.477 0.606 5.841 0.510 0.573 5.689 0
0.606 0.531 5.870 0.597 0.540 6.000 0.477 0.606 5.841 0
0.597 0.540 6.000 0.466 0.617 6.000 0.477 0.606 5.841 0
0.466 0.617 6.000 0.477 0.606 6.159 0.353 0.678 6.000 0
0.477 0.606 6.159 0.366 0.665 6.183 0.353 0.678 6.000 0
0.477 0.606 6.159 0.510 0.573 6.311 0.366 0.665 6.183 0
0.510 0.573 6.311 0.403 0.627 6.358 0.366 0.665 6.183 0
0.510 0.573 6.311 0.563 0.520 6.452 0.403 0.627 6.358 0
0.563 0.520 6.452 0.465 0.566 6.520 0.403 0.627 6.358 0
0.563 0.520 6.452 0.635 0.449 6.575 0.465 0.566 6.520 0
0.635 0.449 6.575 0.547 0.484 6.662 0.465 0.566 6.520 0
0.635 0.449 6.575 0.722 0.361 6.677 0.547 0.484 6.662 0
0.722 0.361 6.677 0.647 0.383 6.779 0.547 0.484 6.662 0
0.722 0.361 6.677 0.822 0.262 6.752 0.647 0.383 6.779 0
0.822 0.262 6.752 0.762 0.269 6.865 0.647 0.383 6.779 0
0.822 0.262 6.752 0.930 0.154 6.798 0.762 0.269 6.865 0
0.930 0.154 6.798 0.886 0.144 6.919 0.762 0.269 6.865 0
0.930 0.154 6.798 1.042 0.042 6.814 0.886 0.144 6.919 0
1.042 0.042 6.814 1.015 0.015 6.937 0.886 0.144 6.919 0
1.042 0.042 6.814 1.154 -0.070 6.798 1.015 0.015 6.937 0
1.154 -0.070 6.798 1.144 -0.114 6.919 1.015 0.015 6.937 0
1.154 -0.070 6.798 1.262 -0.178 6.752 1.144 -0.114 6.919 0
1.262 -0.178 6.752 1.269 -0.238 6.865 1.144 -0.114 6.919 0
1.262 -0.178 6.752 1.361 -0.278 6.677 1.269 -0.238 6.865 0
1.361 -0.278 6.677 1.383 -0.353 6.779 1.269 -0.238 6.865 0
1.361 -0.278 6.677 1.449 -0.365 6.575 1.383 -0.353 6.779 0
1.449 -0.365 6.575 1.484 -0.453 6.662 1.383 -0.353 6.779 0
1.449 -0.365 6.575 1.520 -0.437 6.452 1.484 -0.453 6.662 0
1.520 -0.437 6.452 1.566 -0.535 6.520 1.484 -0.453 6.662 0
1.520 -0.437 6.452 1.573 -0.490 6.311 1.566 -0.535 6.520 0
1.573 -0.490 6.311 1.627 -0.597 6.358 1.566 -0.535 6.520 0
1.573 -0.490 6.311 1.606 -0.523 6.159 1.627 -0.597 6.358 0
1.606 -0.523 6.159 1.665 -0.634 6.183 1.627 -0.597 6.358 0
1.606 -0.523 6.159 1.617 -0.534 6.000 1.665 -0.634 6.183 0
1.617 -0.534 6.000 1.678 -0.647 6.000 1.665 -0.634 6.183 0
1.617 -0.534 6.000 1.606 -0.523 5.841 1.678 -0.647 6.000 0
1.606 -0.523 5.841 1.665 -0.634 5.817 1.678 -0.647 6.000 0
1.606 -0.523 5.841 1.573 -0.490 5.689 1.665 -0.634 5.817 0
1.573 -0.490 5.689 1.627 -0.597 5.642 1.665 -0.634 5.817 0
1.573 -0.490 5.689 1.520 -0.437 5.548 1.627 -0.597 5.642 0
1.520 -0.437 5.548 1.566 -0.535 5.480 1.627 -0.597 5.642 0
1.520 -0.437 5.548 1.449 -0.365 5.425 1.566 -0.535 5.480 0
1.449 -0.365 5.425 1.484 -0.453 5.338 1.566 -0.535 5.480 0
1.449 -0.365 5.425 1.361 -0.278 5.323 1.484 -0.453 5.338 0
1.361 -0.278 5.323 1.383 -0.353 5.221 1.484 -0.453 5.338 0
1.361 -0.278 5.323 1.262 -0.178 5.248 1.383 -0.353 5.221 0
1.262 -0.178 5.248 1.269 -0.238 5.135 1.383 -0.353 5.221 0
1.262 -0.178 5.248 1.154 -0.070 5.202 1.269 -0.238 5.135 0
1.154 -0.070 5.202 1.144 -0.114 5.081 1.269 -0.238 5.135 0
1.154 -0.070 5.202 1.042 0.042 5.186 1.144 -0.114 5.081 0
1.042 0.042 5.186 1.015 0.015 5.063 1.144 -0.114 5.081 0
1.042 0.042 5.186 0.930 0.154 5.202 1.015 0.015 5.063 0
0.930 0.154 5.202 0.886 0.144 5.081 1.015 0.015 5.063 0
0.930 0.154 5.202 0.822 0.262 5.248 0.886 0.144 5.081 0
0.822 0.262 5.248 0.762 0.269 5.135 0.886 0.144 5.081 0
0.822 0.262 5.248 0.722 0.361 5.323 0.762 0.269 5.135 0
0.722 0.361 5.323 0.647 0.383 5.221 0.762 0.269 5.135 0
0.722 0.361 5.323 0.635 0.449 5.425 0.647 0.383 5.221 0
0.635 0.449 5.425 0.547 0.484 5.338 0.647 0.383 5.221 0
0.635 0.449 5.425 0.563 0.520 5.548 0.547 0.484 5.338 0
0.563 0.520 5.548 0.465 0.566 5.480 0.547 0.484 5.338 0
0.563 0.520 5.548 0.510 0.573 5.689 0.465 0.566 5.480 0
0.510 0.573 5.689 0.403 0.627 5.642 0.465 0.566 5.480 0
0.510 0.573 5.689 0.477 0.606 5.841 0.403 0.627 5.642 0
0.477 0.606 5.841 0.366 0.665 5.817 0.403 0.627 5.642 0
0.477 0.606 5.841 0.466 0.617 6.000 0.366 0.665 5.817 0
0.466 0.617 6.000 0.353 0.678 6.000 0.366 0.665 5.817 0
0.353 0.678 6.000 0.366 0.665 6.183 0.251 0.727 6.000 0
0.366 0.665 6.183 0.265 0.713 6.204 0.251 0.727 6.000 0
0.366 0.665 6.183 0.403 0.627 6.358 0.265 0.713 6.204 0
0.403 0.627 6.358 0.307 0.671 6.400 0.265 0.713 6.204 0
0.403 0.627 6.358 0.465 0.566 6.520 0.307 0.671 6.400 0
0.465 0.566 6.520 0.375 0.603 6.580 0.307 0.671 6.400 0
0.465 0.566 6.520 0.547 0.484 6.662 0.375 0.603 6.580 0
0.547 0.484 6.662 0.467 0.511 6.738 0.375 0.603 6.580 0
0.547 0.484 6.662 0.647 0.383 6.779 0.467 0.511 6.738 0
0.647 0.383 6.779 0.579 0.399 6.868 0.467 0.511 6.738 0
0.647 0.383 6.779 0.762 0.269 6.865 0.579 0.399 6.868 0
0.762 0.269 6.865 0.706 0.271 6.964 0.579 0.399 6.868 0
0.762 0.269 6.865 0.886 0.144 6.919 0.706 0.271 6.964 0
0.886 0.144 6.919 0.845 0.133 7.024 0.706 0.271 6.964 0
0.886 0.144 6.919 1.015 0.015 6.937 0.845 0.133 7.024 0
1.015 0.015 6.937 0.989 -0.011 7.044 0.845 0.133 7.024 0
1.015 0.015 6.937 1.144 -0.114 6.919 0.989 -0.011 7.044 0
1.144 -0.114 6.919 1.133 -0.155 7.024 0.989 -0.011 7.044 0
1.144 -0.114 6.919 1.269 -0.238 6.865 1.133 -0.155 7.024 0
1.269 -0.238 6.865 1.271 -0.294 6.964 1.133 -0.155 7.024 0
1.269 -0.238 6.865 1.383 -0.353 6.779 1.271 -0.294 6.964 0
1.383 -0.353 6.779 1.399 -0.421 6.868 1.271 -0.294 6.964 0
1.383 -0.353 6.779 1.484 -0.453 6.662 1.399 -0.421 6.868 0
1.484 -0.453 6.662 1.511 -0.533 6.738 1.399 -0.421 6.868 0
1.484 -0.453 6.662 1.566 -0.535 6.520 1.511 -0.533 6.738 0
1.566 -0.535 6.520 1.603 -0.625 6.580 1.511 -0.533 6.738 0
1.566 -0.535 6.520 1.627 -0.597 6.358 1.603 -0.625 6.580 0
1.627 -0.597 6.358 1.671 -0.693 6.400 1.603 -0.625 6.580 0
1.627 -0.597 6.358 1.665 -0.634 6.183 1.671 -0.693 6.400 0
1.665 -0.634 6.183 1.713 -0.735 6.204 1.671 -0.693 6.400 0
1.665 -0.634 6.183 1.678 -0.647 6.000 1.713 -0.735 6.204 0
1.678 -0.647 6.000 1.727 -0.749 6.000 1.713 -0.735 6.204 0
1.678 -0.647 6.000 1.665 -0.634 5.817 1.727 -0.749 6.000 0
1.665 -0.634 5.817 1.713 -0.735 5.796 1.727 -0.749 6.000 0
1.665 -0.634 5.817 1.627 -0.597 5.642 1.713 -0.735 5.796 0
1.627 -0.597 5.642 1.671 -0.693 5.600 1.713 -0.735 5.796 0
1.627 -0.597 5.642 1.566 -0.535 5.480 1.671 -0.693 5.600 0
1.566 -0.535 5.480 1.603 -0.625 5.420 1.671 -0.693 5.600 0
1.566 -0.535 5.480 1.484 -0.453 5.338 1.603 -0.625 5.420 0
1.484 -0.453 5.338 1.511 -0.533 5.262 1.603 -0.625 5.420 0
1.484 -0.453 5.338 1.383 -0.353 5.221 1.511 -0.533 5.262 0
1.383 -0.353 5.221 1.399 -0.421 5.132 1.511 -0.533 5.262 0
1.383 -0.353 5.221 1.269 -0.238 5.135 1.399 -0.421 5.132 0
1.269 -0.238 5.135 1.271 -0.294 5.036 1.399 -0.421 5.132 0
1.269 -0.238 5.135 1.144 -0.114 5.081 1.271 -0.294 5.036 0
1.144 -0.114 5.081 1.133 -0.155 4.976 1.271 -0.294 5.036 0
1.144 -0.114 5.081 1.015 0.015 5.063 1.133 -0.155 4.976 0
1.015 0.015 5.063 0.989 -0.011 4.956 1.133 -0.155 4.976 0
1.015 0.015 5.063 0.886 0.144 5.081 0.989 -0.011 4.956 0
0.886 0.144 5.081 0.845 0.133 4.976 0.989 -0.011 4.956 0
0.886 0.144 5.081 0.762 0.269 5.135 0.845 0.133 4.976 0
0.762 0.269 5.135 0.706 0.271 5.036 0.845 0.133 4.976 0
0.762 0.269 5.135 0.647 0.383 5.221 0.706 0.271 5.036 0
0.647 0.383 5.221 0.579 0.399 5.132 0.706 0.271 5.036 0
0.647 0.383 5.221 0.547 0.484 5.338 0.579 0.399 5.132 0
0.547 0.484 5.338 0.467 0.511 5.262 0.579 0.399 5.132 0
0.547 0.484 5.338 0.465 0.566 5.480 0.467 0.511 5.262 0
0.465 0.566 5.480 0.375 0.603 5.420 0.467 0.511 5.262 0
0.465 0.566 5.480 0.403 0.627 5.642 0.375 0.603 5.420 0
0.403 0.627 5.642 0.307 0.671 5.600 0.375 0.603 5.420 0
0.403 0.627 5.642 0.366 0.665 5.817 0.307 0.671 5.600 0
0.366 0.665 5.817 0.265 0.713 5.796 0.307 0.671 5.600 0
0.366 0.665 5.817 0.353 0.678 6.000 0.265 0.713 5.796 0
0.353 0.678 6.000 0.251 0.727 6.000 0.265 0.713 5.796 0
0.251 0.727 6.000 0.265 0.713 6.204 0.156 0.768 6.000 0
0.265 0.713 6.204 0.172 0.753 6.222 0.156 0.768 6.000 0
0.265 0.713 6.204 0.307 0.671 6.400 0.172 0.753 6.222 0
0.307 0.671 6.400 0.218 0.707 6.436 0.172 0.753 6.222 0
0.307 0.671 6.400 0.375 0.603 6.580 0.218 0.707 6.436 0
0.375 0.603 6.580 0.292 0.632 6.633 0.218 0.707 6.436 0
0.375 0.603 6.580 0.467 0.511 6.738 0.292 0.632 6.633 0
0.467 0.511 6.738 0.392 0.532 6.806 0.292 0.632 6.633 0
0.467 0.511 6.738 0.579 0.399 6.868 0.392 0.532 6.806 0
0.579 0.399 6.868 0.514 0.410 6.948 0.392 0.532 6.806 0
0.579 0.399 6.868 0.706 0.271 6.964 0.514 0.410 6.948 0
0.706 0.271 6.964 0.654 0.271 7.053 0.514 0.410 6.948 0
0.706 0.271 6.964 0.845 0.133 7.024 0.654 0.271 7.053 0
0.845 0.133 7.024 0.805 0.119 7.118 0.654 0.271 7.053 0
0.845 0.133 7.024 0.989 -0.011 7.044 0.805 0.119 7.118 0
0.989 -0.011 7.044 0.962 -0.038 7.140 0.805 0.119 7.118 0
0.989 -0.011 7.044 1.133 -0.155 7.024 0.962 -0.038 7.140 0
1.133 -0.155 7.024 1.119 -0.195 7.118 0.962 -0.038 7.140 0
1.133 -0.155 7.024 1.271 -0.294 6.964 1.119 -0.195 7.118 0
1.271 -0.294 6.964 1.271 -0.346 7.053 1.119 -0.195 7.118 0
1.271 -0.294 6.964 1.399 -0.421 6.868 1.271 -0.346 7.053 0
1.399 -0.421 6.868 1.410 -0.486 6.948 1.271 -0.346 7.053 0
1.399 -0.421 6.868 1.511 -0.533 6.738 1.410 -0.486 6.948 0
1.511 -0.533 6.738 1.532 -0.608 6.806 1.410 -0.486 6.948 0
1.511 -0.533 6.738 1.603 -0.625 6.580 1.532 -0.608 6.806 0
1.603 -0.625 6.580 1.632 -0.708 6.633 1.532 -0.608 6.806 0
1.603 -0.625 6.580 1.671 -0.693 6.400 1.632 -0.708 6.633 0
1.671 -0.693 6.400 1.707 -0.782 6.436 1.632 -0.708 6.633 0
1.671 -0.693 6.400 1.713 -0.735 6.204 1.707 -0.782 6.436 0
1.713 -0.735 6.204 1.753 -0.828 6.222 1.707 -0.782 6.436 0
1.713 -0.735 6.204 1.727 -0.749 6.000 1.753 -0.828 6.222 0
1.727 -0.749 6.000 1.768 -0.844 6.000 1.753 -0.828 6.222 0
1.727 -0.749 6.000 1.713 -0.735 5.796 1.768 -0.844 6.000 0
1.713 -0.735 5.796 1.753 -0.828 5.778 1.768 -0.844 6.000 0
1.713 -0.735 5.796 1.671 -0.693 5.600 1.753 -0.828 5.778 0
1.671 -0.693 5.600 1.707 -0.782 5.564 1.753 -0.828 5.778 0
1.671 -0.693 5.600 1.603 -0.625 5.420 1.707 -0.782 5.564 0
1.603 -0.625 5.420 1.632 -0.708 5.367 1.707 -0.782 5.564 0
1.603 -0.625 5.420 1.511 -0.533 5.262 1.632 -0.708 5.367 0
1.511 -0.533 5.262 1.532 -0.608 5.194 1.632 -0.708 5.367 0
1.511 -0.533 5.262 1.399 -0.421 5.132 1.532 -0.608 5.194 0
1.399 -0.421 5.132 1.410 -0.486 5.052 1.532 -0.608 5.194 0
1.399 -0.421 5.132 1.271 -0.294 5.036 1.410 -0.486 5.052 0
1.271 -0.294 5.036 1.271 -0.346 4.947 1.410 -0.486 5.052 0
1.271 -0.294 5.036 1.133 -0.155 4.976 1.271 -0.346 4.947 0
1.133 -0.155 4.976 1.119 -0.195 4.882 1.271 -0.346 4.947 0
1.133 -0.155 4.976 0.989 -0.011 4.956 1.119 -0.195 4.882 0
0.989 -0.011 4.956 0.962 -0.038 4.860 1.119 -0.195 4.882 0
0.989 -0.011 4.956 0.845 0.133 4.976 0.962 -0.038 4.860 0
0.845 0.133 4.976 0.805 0.119 4.882 0.962 -0.038 4.860 0
0.845 0.133 4.976 0.706 0.271 5.036 0.805 0.119 4.882 0
0.706 0.271 5.036 0.654 0.271 4.947 0.805 0.119 4.882 0
0.706 0.271 5.036 0.579 0.399 5.132 0.654 0.271 4.947 0
0.579 0.399 5.132 0.514 0.410 5.052 0.654 0.271 4.947 0
0.579 0.399 5.132 0.467 0.511 5.262 0.514 0.410 5.052 0
0.467 0.511 5.262 0.392 0.532 5.194 0.514 0.410 5.052 0
0.467 0.511 5.262 0.375 0.603 5.420 0.392 0.532 5.194 0
0.375 0.603 5.420 0.292 0.632 5.367 0.392 0.532 5.194 0
0.375 0.603 5.420 0.307 0.671 5.600 0.292 0.632 5.367 0
0.307 0.671 5.600 0.218 0.707 5.564 0.292 0.632 5.367 0
0.307 0.671 5.600 0.265 0.713 5.796 0.218 0.707 5.564 0
0.265 0.713 5.796 0.172 0.753 5.778 0.218 0.707 5.564 0
0.265 0.713 5.796 0.251 0.727 6.000 0.172 0.753 5.778 0
0.251 0.727 6.000 0.156 0.768 6.000 0.172 0.753 5.778 0
0.156 0.768 6.000 0.172 0.753 6.222 0.068 0.803 6.000 0
0.172 0.753 6.222 0.085 0.787 6.239 0.068 0.803 6.000 0
0.172 0.753 6.222 0.218 0.707 6.436 0.085 0.787 6.239 0
0.218 0.707 6.436 0.134 0.737 6.470 0.085 0.787 6.239 0
0.218 0.707 6.436 0.292 0.632 6.633 0.134 0.737 6.470 0
0.292 0.632 6.633 0.214 0.657 6.682 0.134 0.737 6.470 0
0.292 0.632 6.633 0.392 0.532 6.806 0.214 0.657 6.682 0
0.392 0.532 6.806 0.322 0.549 6.868 0.214 0.657 6.682 0
0.392 0.532 6.806 0.514 0.410 6.948 0.322 0.549 6.868 0
0.514 0.410 6.948 0.454 0.418 7.020 0.322 0.549 6.868 0
0.514 0.410 6.948 0.654 0.271 7.053 0.454 0.418 7.020 0
0.654 0.271 7.053 0.604 0.268 7.134 0.454 0.418 7.020 0
0.654 0.271 7.053 0.805 0.119 7.118 0.604 0.268 7.134 0
0.805 0.119 7.118 0.766 0.105 7.204 0.604 0.268 7.134 0
0.805 0.119 7.118 0.962 -0.038 7.140 0.766 0.105 7.204 0
0.962 -0.038 7.140 0.936 -0.064 7.227 0.766 0.105 7.204 0
0.962 -0.038 7.140 1.119 -0.195 7.118 0.936 -0.064 7.227 0
1.119 -0.195 7.118 1.105 -0.234 7.204 0.936 -0.064 7.227 0
1.119 -0.195 7.118 1.271 -0.346 7.053 1.105 -0.234 7.204 0
1.271 -0.346 7.053 1.268 -0.396 7.134 1.105 -0.234 7.204 0
1.271 -0.346 7.053 1.410 -0.486 6.948 1.268 -0.396 7.134 0
1.410 -0.486 6.948 1.418 -0.546 7.020 1.268 -0.396 7.134 0
1.410 -0.486 6.948 1.532 -0.608 6.806 1.418 -0.546 7.020 0
1.532 -0.608 6.806 1.549 -0.678 6.868 1.418 -0.546 7.020 0
1.532 -0.608 6.806 1.632 -0.708 6.633 1.549 -0.678 6.868 0
1.632 -0.708 6.633 1.657 -0.786 6.682 1.549 -0.678 6.868 0
1.632 -0.708 6.633 1.707 -0.782 6.436 1.657 -0.786 6.682 0
1.707 -0.782 6.436 1.737 -0.866 6.470 1.657 -0.786 6.682 0
1.707 -0.782 6.436 1.753 -0.828 6.222 1.737 -0.866 6.470 0
1.753 -0.828 6.222 1.787 -0.915 6.239 1.737 -0.866 6.470 0
1.753 -0.828 6.222 1.768 -0.844 6.000 1.787 -0.915 6.239 0
1.768 -0.844 6.000 1.803 -0.932 6.000 1.787 -0.915 6.239 0
1.768 -0.844 6.000 1.753 -0.828 5.778 1.803 -0.932 6.000 0
1.753 -0.828 5.778 1.787 -0.915 5.761 1.803 -0.932 6.000 0
1.753 -0.828 5.778 1.707 -0.782 5.564 1.787 -0.915 5.761 0
1.707 -0.782 5.564 1.737 -0.866 5.530 1.787 -0.915 5.761 0
1.707 -0.782 5.564 1.632 -0.708 5.367 1.737 -0.866 5.530 0
1.632 -0.708 5.367 1.657 -0.786 5.318 1.737 -0.866 5.530 0
1.632 -0.708 5.367 1.532 -0.608 5.194 1.657 -0.786 5.318 0
1.532 -0.608 5.194 1.549 -0.678 5.132 1.657 -0.786 5.318 0
1.532 -0.608 5.194 1.410 -0.486 5.052 1.549 -0.678 5.132 0
1.410 -0.486 5.052 1.418 -0.546 4.980 1.549 -0.678 5.132 0
1.410 -0.486 5.052 1.271 -0.346 4.947 1.418 -0.546 4.980 0
1.271 -0.346 4.947 1.268 -0.396 4.866 1.418 -0.546 4.980 0
1.271 -0.346 4.947 1.119 -0.195 4.882 1.268 -0.396 4.866 0
1.119 -0.195 4.882 1.105 -0.234 4.796 1.268 -0.396 4.866 0
1.119 -0.195 4.882 0.962 -0.038 4.860 1.105 -0.234 4.796 0
0.962 -0.038 4.860 0.936 -0.064 4.773 1.105 -0.234 4.796 0
0.962 -0.038 4.860 0.805 0.119 4.882 0.936 -0.064 4.773 0
0.805 0.119 4.882 0.766 0.105 4.796 0.936 -0.064 4.773 0
0.805 0.119 4.882 0.654 0.271 4.947 0.766 0.105 4.796 0
0.654 0.271 4.947 0.604 0.268 4.866 0.766 0.105 4.796 0
0.654 0.271 4.947 0.514 0.410 5.052 0.604 0.268 4.866 0
0.514 0.410 5.052 0.454 0.418 4.980 0.604 0.268 4.866 0
0.514 0.410 5.052 0.392 0.532 5.194 0.454 0.418 4.980 0
0.392 0.532 5.194 0.322 0.549 5.132 0.454 0.418 4.980 0
0.392 0.532 5.194 0.292 0.632 5.367 0.322 0.549 5.132 0
0.292 0.632 5.367 0.214 0.657 5.318 0.322 0.549 5.132 0
0.292 0.632 5.367 0.218 0.707 5.564 0.214 0.657 5.318 0
0.218 0.707 5.564 0.134 0.737 5.530 0.214 0.657 5.318 0
0.218 0.707 5.564 0.172 0.753 5.778 0.134 0.737 5.530 0
0.172 0.753 5.778 0.085 0.787 5.761 0.134 0.737 5.530 0
0.172 0.753 5.778 0.156 0.768 6.000 0.085 0.787 5.761 0
0.156 0.768 6.000 0.068 0.803 6.000 0.085 0.787 5.761 0
0.068 0.803 6.000 0.085 0.787 6.239 1.121 0.121 6.000 0
0.085 0.787 6.239 1.121 0.121 6.000 1.121 0.121 6.000 0
0.085 0.787 6.239 0.134 0.737 6.470 1.121 0.121 6.000 0
0.134 0.737 6.470 1.121 0.121 6.000 1.121 0.121 6.000 0
0.134 0.737 6.470 0.214 0.657 6.682 1.121 0.121 6.000 0
0.214 0.657 6.682 1.121 0.121 6.000 1.121 0.121 6.000 0
0.214 0.657 6.682 0.322 0.549 6.868 1.121 0.121 6.000 0
0.322 0.549 6.868 1.121 0.121 6.000 1.121 0.121 6.000 0
0.322 0.549 6.868 0.454 0.418 7.020 1.121 0.121 6.000 0
0.454 0.418 7.020 1.121 0.121 6.000 1.121 0.121 6.000 0
0.454 0.418 7.020 0.604 0.268 7.134 1.121 0.121 6.000 0
0.604 0.268 7.134 1.121 0.121 6.000 1.121 0.121 6.000 0
0.604 0.268 7.134 0.766 0.105 7.204 1.121 0.121 6.000 0
0.766 0.105 7.204 1.121 0.121 6.000 1.121 0.121 6.000 0
0.766 0.105 7.204 0.936 -0.064 7.227 1.121 0.121 6.000 0
0.936 -0.064 7.227 1.121 0.121 6.000 1.121 0.121 6.000 0
0.936 -0.064 7.227 1.105 -0.234 7.204 1.121 0.121 6.000 0
1.105 -0.234 7.204 1.121 0.121 6.000 1.121 0.121 6.000 0
1.105 -0.234 7.204 1.268 -0.396 7.134 1.121 0.121 6.000 0
1.268 -0.396 7.134 1.121 0.121 6.000 1.121 0.121 6.000 0
1.268 -0.396 7.134 1.418 -0.546 7.020 1.121 0.121 6.000 0
1.418 -0.546 7.020 1.121 0.121 6.000 1.121 0.121 6.000 0
1.418 -0.546 7.020 1.549 -0.678 6.868 1.121 0.121 6.000 0
1.549 -0.678 6.868 1.121 0.121 6.000 1.121 0.121 6.000 0
1.549 -0.678 6.868 1.657 -0.786 6.682 1.121 0.121 6.000 0
1.657 -0.786 6.682 1.121 0.121 6.000 1.121 0.121 6.000 0
1.657 -0.786 6.682 1.737 -0.866 6.470 1.121 0.121 6.000 0
1.737 -0.866 6.470 1.121 0.121 6.000 1.121 0.121 6.000 0
1.737 -0.866 6.470 1.787 -0.915 6.239 1.121 0.121 6.000 0
1.787 -0.915 6.239 1.121 0.121 6.000 1.121 0.121 6.000 0
1.787 -0.915 6.239 1.803 -0.932 6.000 1.121 0.121 6.000 0
1.803 -0.932 6.000 1.121 0.121 6.000 1.121 0.121 6.000 0
1.803 -0.932 6.000 1.787 -0.915 5.761 1.121 0.121 6.000 0
1.787 -0.915 5.761 1.121 0.121 6.000 1.121 0.121 6.000 0
1.787 -0.915 5.761 1.737 -0.866 5.530 1.121 0.121 6.000 0
1.737 -0.866 5.530 1.121 0.121 6.000 1.121 0.121 6.000 0
1.737 -0.866 5.530 1.657 -0.786 5.318 1.121 0.121 6.000 0
1.657 -0.786 5.318 1.121 0.121 6.000 1.121 0.121 6.000 0
1.657 -0.786 5.318 1.549 -0.678 5.132 1.121 0.121 6.000 0
1.549 -0.678 5.132 1.121 0.121 6.000 1.121 0.121 6.000 0
1.549 -0.678 5.132 1.418 -0.546 4.980 1.121 0.121 6.000 0
1.418 -0.546 4.980 1.121 0.121 6.000 1.121 0.121 6.000 0
1.418 -0.546 4.980 1.268 -0.396 4.866 1.121 0.121 6.000 0
1.268 -0.396 4.866 1.121 0.121 6.000 1.121 0.121 6.000 0
1.268 -0.396 4.866 1.105 -0.234 4.796 1.121 0.121 6.000 0
1.105 -0.234 4.796 1.121 0.121 6.000 1.121 0.121 6.000 0
1.105 -0.234 4.796 0.936 -0.064 4.773 1.121 0.121 6.000 0
0.936 -0.064 4.773 1.121 0.121 6.000 1.121 0.121 6.000 0
0.936 -0.064 4.773 0.766 0.105 4.796 1.121 0.121 6.000 0
0.766 0.105 4.796 1.121 0.121 6.000 1.121 0.121 6.000 0
0.766 0.105 4.796 0.604 0.268 4.866 1.121 0.121 6.000 0
0.604 0.268 4.866 1.121 0.121 6.000 1.121 0.121 6.000 0
0.604 0.268 4.866 0.454 0.418 4.980 1.121 0.121 6.000 0
0.454 0.418 4.980 1.121 0.121 6.000 1.121 0.121 6.000 0
0.454 0.418 4.980 0.322 0.549 5.132 1.121 0.121 6.000 0
0.322 0.549 5.132 1.121 0.121 6.000 1.121 0.121 6.000 0
0.322 0.549 5.132 0.214 0.657 5.318 1.121 0.121 6.000 0
0.214 0.657 5.318 1.121 0.121 6.000 1.121 0.121 6.000 0
0.214 0.657 5.318 0.134 0.737 5.530 1.121 0.121 6.000 0
0.134 0.737 5.530 1.121 0.121 6.000 1.121 0.121 6.000 0
0.134 0.737 5.530 0.085 0.787 5.761 1.121 0.121 6.000 0
0.085 0.787 5.761 1.121 0.121 6.000 1.121 0.121 6.000 0
0.085 0.787 5.761 0.068 0.803 6.000 1.121 0.121 6.000 0
0.068 0.803 6.000 1.121 0.121 6.000 1.121 0.121 6.000 0
